LIDC-IDRI-0002
55.350000 729.750000 14.531595 0.000000
LIDC-IDRI-0003
44.862500 364.550000 14.652853 0.000000
LIDC-IDRI-0004
90.537500 1728.212500 16.780099 0.000000
LIDC-IDRI-0005
63.262500 2509.700000 12.170303 0.000000
LIDC-IDRI-0006
42.350000 1144.362500 12.158189 0.000000
LIDC-IDRI-0007
31.862500 415.262500 11.950578 0.000000
LIDC-IDRI-0008
94.112500 1339.262500 15.601637 0.000000
LIDC-IDRI-0011
32.287500 776.762500 10.372426 0.000000
LIDC-IDRI-0013
94.900000 4707.325000 14.838500 0.000000
LIDC-IDRI-0014
121.237500 2960.787500 16.156878 0.000000
LIDC-IDRI-0015
27.525000 569.900000 10.797219 0.000000
LIDC-IDRI-0016
28.262500 766.775000 10.291944 0.000000
LIDC-IDRI-0017
53.012500 1487.087500 13.708446 0.000000
LIDC-IDRI-0018
91.262500 1523.275000 15.156510 0.000000
LIDC-IDRI-0019
74.900000 691.362500 19.482371 0.000000
LIDC-IDRI-0020
25.287500 410.937500 9.030058 0.000000
LIDC-IDRI-0021
78.625000 1371.587500 15.543298 0.000000
LIDC-IDRI-0022
8.812500 193.387500 5.416165 0.000000
LIDC-IDRI-0023
49.175000 2008.712500 11.792132 0.000000
LIDC-IDRI-0024
52.362500 1812.625000 12.753519 0.000000
LIDC-IDRI-0025
22.112500 562.325000 8.038176 0.000000
LIDC-IDRI-0026
13.900000 379.125000 6.056954 0.000000
LIDC-IDRI-0027
67.300000 749.287500 17.264356 0.000000
LIDC-IDRI-0028
40.925000 547.825000 14.645643 0.000000
LIDC-IDRI-0029
10.087500 124.800000 5.665399 0.000000
LIDC-IDRI-0030
57.437500 1557.237500 13.662057 0.000000
LIDC-IDRI-0031
80.737500 1273.350000 15.228689 0.000000
LIDC-IDRI-0033
118.175000 2237.150000 15.871211 0.000000
LIDC-IDRI-0034
174.662500 1893.325000 15.593383 0.000000
LIDC-IDRI-0035
16.050000 218.875000 7.607439 0.000000
LIDC-IDRI-0036
166.775000 3572.275000 18.101108 0.000000
LIDC-IDRI-0037
48.575000 1321.625000 12.164327 0.000000
LIDC-IDRI-0038
37.775000 950.150000 11.121159 0.000000
LIDC-IDRI-0039
12.925000 446.662500 6.767989 0.000000
LIDC-IDRI-0040
106.025000 2363.100000 17.831270 0.000000
LIDC-IDRI-0042
53.800000 1571.400000 12.081990 0.000000
LIDC-IDRI-0043
35.200000 372.862500 11.491000 0.000000
LIDC-IDRI-0044
81.362500 2054.862500 16.480364 0.000000
LIDC-IDRI-0045
64.975000 1743.262500 14.044901 0.000000
LIDC-IDRI-0046
31.750000 494.112500 12.443640 0.000000
LIDC-IDRI-0047
60.200000 1260.675000 14.630782 0.000000
LIDC-IDRI-0048
37.162500 881.300000 12.130784 0.000000
LIDC-IDRI-0049
67.025000 1390.525000 15.174085 0.000000
LIDC-IDRI-0050
55.050000 270.812500 14.601091 0.000000
LIDC-IDRI-0051
34.825000 896.662500 10.240111 0.000000
LIDC-IDRI-0052
57.250000 1462.362500 13.697723 0.000000
LIDC-IDRI-0053
89.762500 2380.437500 13.967850 0.000000
LIDC-IDRI-0054
45.875000 735.937500 12.921833 0.000000
LIDC-IDRI-0055
119.287500 2874.875000 18.162608 0.000000
LIDC-IDRI-0057
69.662500 802.062500 16.844565 0.000000
LIDC-IDRI-0059
29.012500 564.725000 11.199511 0.000000
LIDC-IDRI-0060
171.212500 2892.000000 19.133438 0.000000
LIDC-IDRI-0061
50.137500 1566.412500 12.362269 0.000000
LIDC-IDRI-0063
65.575000 1375.437500 14.184562 0.000000
LIDC-IDRI-0064
35.025000 511.475000 11.242404 0.000000
LIDC-IDRI-0065
29.437500 497.150000 9.429863 0.000000
LIDC-IDRI-0066
18.500000 319.600000 10.503445 0.000000
LIDC-IDRI-0068
55.487500 1456.187500 15.027797 1.000000
LIDC-IDRI-0071
211.150000 649.025000 19.987391 1.000000
LIDC-IDRI-0072
92.787500 1482.112500 17.138002 1.000000
LIDC-IDRI-0073
60.387500 1094.662500 14.905245 0.000000
LIDC-IDRI-0074
75.037500 1352.637500 14.357366 0.000000
LIDC-IDRI-0075
41.512500 422.112500 14.832888 0.000000
LIDC-IDRI-0076
20.337500 178.987500 9.106691 0.000000
LIDC-IDRI-0077
28.700000 383.975000 10.570310 0.000000
LIDC-IDRI-0080
12.612500 43.375000 8.920492 0.000000
LIDC-IDRI-0081
18.562500 394.125000 7.686914 0.000000
LIDC-IDRI-0082
12.700000 276.762500 7.655453 0.000000
LIDC-IDRI-0083
6.125000 5.125000 5.711493 0.000000
LIDC-IDRI-0085
159.387500 2370.887500 18.668136 0.000000
LIDC-IDRI-0086
80.700000 2133.612500 17.848008 0.000000
LIDC-IDRI-0087
24.750000 168.925000 10.865129 0.000000
LIDC-IDRI-0088
64.787500 1851.425000 14.291229 1.000000
LIDC-IDRI-0089
64.325000 514.975000 19.009514 0.000000
LIDC-IDRI-0090
85.450000 1399.450000 16.092741 1.000000
LIDC-IDRI-0091
57.862500 632.125000 14.004989 1.000000
LIDC-IDRI-0093
153.050000 2330.312500 18.630100 0.000000
LIDC-IDRI-0094
15.900000 152.675000 8.861597 0.000000
LIDC-IDRI-0095
29.700000 735.787500 11.968205 0.000000
LIDC-IDRI-0096
87.850000 2284.937500 14.371120 0.000000
LIDC-IDRI-0097
148.787500 2880.887500 20.175490 0.000000
LIDC-IDRI-0098
89.200000 2155.850000 16.233211 0.000000
LIDC-IDRI-0099
58.862500 755.575000 13.253834 0.000000
LIDC-IDRI-0100
46.612500 491.975000 13.928129 1.000000
LIDC-IDRI-0101
36.712500 986.275000 9.402588 0.000000
LIDC-IDRI-0102
22.100000 266.550000 10.554199 0.000000
LIDC-IDRI-0103
120.237500 2989.987500 17.990162 0.000000
LIDC-IDRI-0105
14.050000 198.450000 7.729749 0.000000
LIDC-IDRI-0108
24.800000 383.912500 11.278014 0.000000
LIDC-IDRI-0109
15.100000 34.562500 10.562145 0.000000
LIDC-IDRI-0110
8.262500 128.325000 4.960550 0.000000
LIDC-IDRI-0111
56.875000 981.737500 14.981156 0.000000
LIDC-IDRI-0112
64.437500 2023.425000 12.953706 0.000000
LIDC-IDRI-0113
33.225000 340.837500 12.716434 0.000000
LIDC-IDRI-0116
22.175000 167.937500 9.786524 0.000000
LIDC-IDRI-0118
85.687500 1785.575000 14.783799 1.000000
LIDC-IDRI-0119
23.462500 675.000000 9.143664 0.000000
LIDC-IDRI-0122
116.275000 2196.162500 17.293985 0.000000
LIDC-IDRI-0123
51.125000 651.087500 16.505948 0.000000
LIDC-IDRI-0124
68.662500 1070.037500 14.869685 1.000000
LIDC-IDRI-0125
9.312500 30.650000 7.385677 0.000000
LIDC-IDRI-0126
31.950000 981.362500 11.036654 0.000000
LIDC-IDRI-0127
28.400000 254.887500 11.061042 0.000000
LIDC-IDRI-0128
3.612500 8.600000 3.341009 0.000000
LIDC-IDRI-0129
76.762500 2156.462500 13.292721 1.000000
LIDC-IDRI-0130
26.100000 221.750000 13.660783 0.000000
LIDC-IDRI-0131
45.812500 855.825000 12.202126 0.000000
LIDC-IDRI-0132
340.062500 6585.987500 22.889974 0.000000
LIDC-IDRI-0133
8.287500 19.912500 6.804732 0.000000
LIDC-IDRI-0135
3.787500 7.562500 3.456470 1.000000
LIDC-IDRI-0136
59.712500 878.400000 15.407812 0.000000
LIDC-IDRI-0137
108.787500 1787.937500 19.328721 1.000000
LIDC-IDRI-0138
10.087500 111.237500 5.655902 1.000000
LIDC-IDRI-0139
105.825000 2106.875000 16.295391 0.000000
LIDC-IDRI-0140
30.125000 1081.037500 11.579061 0.000000
LIDC-IDRI-0141
39.187500 710.750000 14.192472 0.000000
LIDC-IDRI-0142
57.350000 836.850000 15.767008 0.000000
LIDC-IDRI-0143
91.037500 2166.112500 16.067549 1.000000
LIDC-IDRI-0145
43.250000 836.037500 12.050149 0.000000
LIDC-IDRI-0146
13.837500 256.762500 6.838861 0.000000
LIDC-IDRI-0148
26.800000 422.275000 9.923510 0.000000
LIDC-IDRI-0149
20.350000 174.512500 9.846601 1.000000
LIDC-IDRI-0152
23.862500 357.525000 10.600278 0.000000
LIDC-IDRI-0153
89.950000 776.987500 15.996944 0.000000
LIDC-IDRI-0155
114.762500 1974.775000 17.627586 0.000000
LIDC-IDRI-0158
53.175000 1157.450000 13.882137 0.000000
LIDC-IDRI-0159
51.062500 1129.637500 13.102243 1.000000
LIDC-IDRI-0160
37.437500 206.325000 14.327198 0.000000
LIDC-IDRI-0161
10.462500 81.925000 6.767721 1.000000
LIDC-IDRI-0162
54.262500 1382.887500 13.047131 1.000000
LIDC-IDRI-0163
21.837500 97.475000 10.284735 1.000000
LIDC-IDRI-0164
58.287500 990.225000 13.948699 1.000000
LIDC-IDRI-0165
60.150000 1467.725000 13.940428 1.000000
LIDC-IDRI-0166
36.662500 1178.775000 10.627875 1.000000
LIDC-IDRI-0167
56.462500 2656.250000 12.022111 1.000000
LIDC-IDRI-0168
60.237500 1202.750000 14.068447 1.000000
LIDC-IDRI-0169
38.800000 597.137500 11.451767 1.000000
LIDC-IDRI-0171
42.375000 536.262500 12.862928 1.000000
LIDC-IDRI-0172
138.162500 2777.300000 17.885121 0.000000
LIDC-IDRI-0173
62.500000 2314.337500 11.139791 1.000000
LIDC-IDRI-0174
115.237500 2167.750000 17.336399 1.000000
LIDC-IDRI-0175
112.487500 4223.750000 13.548919 1.000000
LIDC-IDRI-0177
74.637500 1207.675000 14.777039 0.000000
LIDC-IDRI-0178
21.037500 416.575000 7.924346 1.000000
LIDC-IDRI-0179
37.675000 692.400000 11.699200 1.000000
LIDC-IDRI-0180
37.750000 687.975000 12.167086 1.000000
LIDC-IDRI-0181
19.137500 159.825000 10.332074 1.000000
LIDC-IDRI-0182
94.612500 1921.900000 15.671077 1.000000
LIDC-IDRI-0184
26.262500 293.212500 10.474200 1.000000
LIDC-IDRI-0185
21.475000 248.062500 10.614307 1.000000
LIDC-IDRI-0186
161.037500 3465.262500 17.997573 1.000000
LIDC-IDRI-0189
15.250000 177.662500 8.639178 1.000000
LIDC-IDRI-0190
89.200000 2392.750000 14.034308 1.000000
LIDC-IDRI-0193
52.625000 1329.900000 13.296529 1.000000
LIDC-IDRI-0194
36.750000 162.212500 13.800197 1.000000
LIDC-IDRI-0197
109.525000 2418.187500 16.453306 1.000000
LIDC-IDRI-0199
103.137500 2002.325000 17.581277 0.000000
LIDC-IDRI-0200
29.587500 920.225000 8.870670 1.000000
LIDC-IDRI-0201
19.200000 143.362500 7.570552 0.000000
LIDC-IDRI-0202
56.712500 2084.712500 10.909879 1.000000
LIDC-IDRI-0203
139.937500 709.362500 16.418331 1.000000
LIDC-IDRI-0204
22.575000 99.425000 10.038443 0.000000
LIDC-IDRI-0205
41.200000 501.375000 13.935171 1.000000
LIDC-IDRI-0206
113.200000 1671.937500 20.487293 0.000000
LIDC-IDRI-0207
21.800000 392.400000 8.708567 1.000000
LIDC-IDRI-0208
50.237500 1212.850000 11.149923 0.000000
LIDC-IDRI-0209
21.287500 102.962500 9.076384 0.000000
LIDC-IDRI-0210
18.450000 155.462500 10.092236 1.000000
LIDC-IDRI-0211
23.475000 634.087500 8.441453 1.000000
LIDC-IDRI-0212
80.612500 2774.387500 13.479874 1.000000
LIDC-IDRI-0213
27.425000 963.512500 10.766743 1.000000
LIDC-IDRI-0214
39.650000 543.375000 13.056213 1.000000
LIDC-IDRI-0215
92.575000 2908.075000 14.497525 0.000000
LIDC-IDRI-0216
21.612500 189.887500 8.576370 0.000000
LIDC-IDRI-0217
32.750000 945.862500 9.906246 1.000000
LIDC-IDRI-0218
65.900000 1261.162500 15.982651 0.000000
LIDC-IDRI-0219
18.650000 71.987500 9.935315 0.000000
LIDC-IDRI-0221
81.937500 1787.600000 14.625032 1.000000
LIDC-IDRI-0222
47.825000 924.175000 13.080379 1.000000
LIDC-IDRI-0223
21.187500 386.662500 9.985180 1.000000
LIDC-IDRI-0224
34.512500 976.100000 10.281057 1.000000
LIDC-IDRI-0225
30.062500 179.075000 10.503333 1.000000
LIDC-IDRI-0226
24.700000 429.787500 9.849683 1.000000
LIDC-IDRI-0227
29.625000 205.525000 12.143726 0.000000
LIDC-IDRI-0228
96.725000 2725.162500 14.015837 0.000000
LIDC-IDRI-0229
201.362500 587.462500 25.602279 0.000000
LIDC-IDRI-0230
155.575000 2439.575000 16.955923 1.000000
LIDC-IDRI-0231
36.125000 1037.712500 10.445821 1.000000
LIDC-IDRI-0232
372.725000 1027.925000 18.256479 1.000000
LIDC-IDRI-0234
536.050000 1935.062500 20.932577 1.000000
LIDC-IDRI-0235
33.475000 785.100000 10.605789 1.000000
LIDC-IDRI-0236
84.475000 2468.675000 14.441862 1.000000
LIDC-IDRI-0237
25.262500 265.775000 11.503640 1.000000
LIDC-IDRI-0239
38.375000 216.675000 14.530358 1.000000
LIDC-IDRI-0240
13.275000 80.100000 7.773484 0.000000
LIDC-IDRI-0241
38.775000 632.750000 13.430581 0.000000
LIDC-IDRI-0242
191.825000 1436.100000 18.123514 1.000000
LIDC-IDRI-0243
24.500000 168.500000 11.323113 1.000000
LIDC-IDRI-0244
69.575000 1667.987500 14.217404 1.000000
LIDC-IDRI-0245
31.012500 1169.075000 10.719468 1.000000
LIDC-IDRI-0246
38.500000 548.725000 13.812382 1.000000
LIDC-IDRI-0247
37.275000 561.212500 11.982155 1.000000
LIDC-IDRI-0248
20.462500 207.150000 8.689815 1.000000
LIDC-IDRI-0250
21.150000 324.625000 8.636897 1.000000
LIDC-IDRI-0251
62.462500 1140.275000 13.987657 1.000000
LIDC-IDRI-0252
75.512500 1002.850000 16.504676 1.000000
LIDC-IDRI-0253
42.237500 1313.050000 12.117663 1.000000
LIDC-IDRI-0254
13.000000 197.462500 6.446204 1.000000
LIDC-IDRI-0255
32.475000 802.450000 9.491226 1.000000
LIDC-IDRI-0256
37.162500 418.700000 13.169565 1.000000
LIDC-IDRI-0257
42.925000 650.662500 11.476160 1.000000
LIDC-IDRI-0258
104.737500 1733.250000 16.271721 1.000000
LIDC-IDRI-0259
22.775000 157.400000 10.094859 0.000000
LIDC-IDRI-0260
144.262500 2340.637500 18.553653 1.000000
LIDC-IDRI-0261
63.212500 1574.675000 13.565016 1.000000
LIDC-IDRI-0262
86.862500 1583.762500 16.872579 0.000000
LIDC-IDRI-0263
29.800000 89.862500 13.918506 0.000000
LIDC-IDRI-0264
35.925000 463.300000 13.439288 1.000000
LIDC-IDRI-0265
83.650000 1451.875000 17.282049 1.000000
LIDC-IDRI-0266
55.175000 1632.925000 11.202471 1.000000
LIDC-IDRI-0267
24.887500 285.187500 10.699637 1.000000
LIDC-IDRI-0268
61.362500 1098.387500 13.858634 1.000000
LIDC-IDRI-0269
29.450000 523.775000 10.976336 0.000000
LIDC-IDRI-0270
50.862500 730.412500 15.559293 1.000000
LIDC-IDRI-0271
8.550000 88.562500 4.963935 1.000000
LIDC-IDRI-0273
117.175000 2322.312500 16.944924 1.000000
LIDC-IDRI-0274
62.625000 1214.525000 14.641885 1.000000
LIDC-IDRI-0275
37.812500 712.662500 12.124923 1.000000
LIDC-IDRI-0276
28.975000 626.200000 11.307910 1.000000
LIDC-IDRI-0277
12.387500 99.012500 8.268426 1.000000
LIDC-IDRI-0279
14.637500 82.850000 8.789328 1.000000
LIDC-IDRI-0280
98.975000 2323.750000 17.077749 1.000000
LIDC-IDRI-0281
27.325000 794.125000 9.519916 1.000000
LIDC-IDRI-0282
63.262500 2172.900000 12.607150 1.000000
LIDC-IDRI-0283
39.025000 670.025000 11.105407 1.000000
LIDC-IDRI-0284
10.675000 78.975000 6.080691 0.000000
LIDC-IDRI-0285
120.075000 873.500000 15.037876 1.000000
LIDC-IDRI-0286
51.400000 866.950000 15.266613 1.000000
LIDC-IDRI-0287
30.050000 452.725000 10.197817 1.000000
LIDC-IDRI-0288
66.737500 2251.975000 13.199834 1.000000
LIDC-IDRI-0289
265.675000 1115.337500 19.622525 1.000000
LIDC-IDRI-0290
174.300000 2114.412500 18.030159 1.000000
LIDC-IDRI-0292
49.912500 1748.625000 13.646218 0.000000
LIDC-IDRI-0293
41.762500 1243.850000 12.583275 0.000000
LIDC-IDRI-0294
215.837500 3465.112500 19.930730 0.000000
LIDC-IDRI-0295
24.137500 373.862500 11.708522 0.000000
LIDC-IDRI-0296
126.887500 2495.525000 17.938127 0.000000
LIDC-IDRI-0297
35.137500 2555.537500 9.135616 0.000000
LIDC-IDRI-0298
29.675000 529.262500 10.564240 0.000000
LIDC-IDRI-0299
65.875000 920.562500 17.128458 0.000000
LIDC-IDRI-0300
145.175000 2460.150000 23.916207 0.000000
LIDC-IDRI-0301
16.500000 269.400000 8.364847 0.000000
LIDC-IDRI-0302
78.937500 2689.987500 13.659917 0.000000
LIDC-IDRI-0303
134.825000 1820.862500 18.589217 0.000000
LIDC-IDRI-0304
39.400000 963.762500 11.222118 0.000000
LIDC-IDRI-0305
37.062500 414.325000 15.479333 0.000000
LIDC-IDRI-0306
40.237500 533.412500 10.498088 0.000000
LIDC-IDRI-0307
32.350000 1087.725000 10.982981 0.000000
LIDC-IDRI-0308
47.025000 1593.750000 12.103583 0.000000
LIDC-IDRI-0314
18.050000 219.325000 9.032284 1.000000
LIDC-IDRI-0325
20.137500 575.575000 9.078690 1.000000
LIDC-IDRI-0332
84.537500 1027.625000 19.029011 1.000000
LIDC-IDRI-0377
108.787500 2453.087500 18.624848 1.000000
LIDC-IDRI-0385
15.962500 218.612500 7.457289 1.000000
LIDC-IDRI-0399
110.887500 1219.600000 18.015472 1.000000
LIDC-IDRI-0405
50.450000 1364.712500 12.707925 1.000000
LIDC-IDRI-0454
11.437500 101.612500 7.162984 1.000000
LIDC-IDRI-0470
65.975000 327.037500 7.944690 1.000000
LIDC-IDRI-0493
91.137500 1749.000000 17.374801 1.000000
LIDC-IDRI-0510
59.162500 1250.687500 14.275379 1.000000
LIDC-IDRI-0522
18.237500 561.950000 7.929258 1.000000
LIDC-IDRI-0543
42.925000 1685.612500 10.609468 1.000000
LIDC-IDRI-0559
111.675000 2585.962500 15.208323 1.000000
LIDC-IDRI-0562
59.300000 1662.387500 12.977035 1.000000
LIDC-IDRI-0568
24.812500 625.987500 9.471792 1.000000
LIDC-IDRI-0576
8.875000 773.325000 3.973685 1.000000
LIDC-IDRI-0580
76.575000 1800.300000 16.327426 1.000000
LIDC-IDRI-0610
282.787500 4547.725000 21.891776 1.000000
LIDC-IDRI-0624
158.875000 1196.975000 14.938238 1.000000
LIDC-IDRI-0766
18.312500 223.575000 9.052338 1.000000
LIDC-IDRI-0771
50.150000 1864.950000 12.372623 1.000000
LIDC-IDRI-0772
43.275000 845.575000 12.267888 1.000000
LIDC-IDRI-0811
69.687500 2158.575000 14.131812 1.000000
LIDC-IDRI-0875
22.700000 140.237500 11.161699 1.000000
LIDC-IDRI-0893
16.875000 503.450000 6.940746 1.000000
LIDC-IDRI-0905
121.262500 2672.400000 18.901649 1.000000
LIDC-IDRI-0921
37.600000 246.325000 13.364037 1.000000
LIDC-IDRI-0924
77.625000 1196.612500 17.456514 1.000000
LIDC-IDRI-0939
49.462500 1296.700000 13.709825 1.000000
LIDC-IDRI-0965
13.762500 603.000000 5.772752 1.000000
LIDC-IDRI-0994
43.025000 1489.450000 11.784620 1.000000
LIDC-IDRI-1002
96.900000 1920.000000 18.797179 1.000000
LIDC-IDRI-1004
56.287500 1671.087500 14.546400 1.000000
LIDC-IDRI-1010
41.062500 1197.000000 11.915022 1.000000
LIDC-IDRI-1011
43.487500 369.787500 13.332518 1.000000
