LIDC-IDRI-0002
261.500000 2265.162500 27.601394 0.000000
LIDC-IDRI-0003
196.300000 1121.225000 26.930798 0.000000
LIDC-IDRI-0004
297.250000 2001.962500 27.466092 0.000000
LIDC-IDRI-0005
522.075000 4290.375000 27.691388 0.000000
LIDC-IDRI-0006
231.350000 2441.112500 27.378328 0.000000
LIDC-IDRI-0007
171.350000 1462.562500 25.969766 0.000000
LIDC-IDRI-0008
293.400000 1303.787500 27.811011 0.000000
LIDC-IDRI-0011
236.437500 1887.350000 26.646594 0.000000
LIDC-IDRI-0012
168.937500 1960.300000 23.989205 0.000000
LIDC-IDRI-0013
705.487500 8123.950000 29.042646 0.000000
LIDC-IDRI-0014
470.862500 3716.300000 28.126690 0.000000
LIDC-IDRI-0015
180.325000 2025.187500 25.643235 0.000000
LIDC-IDRI-0016
259.550000 2276.187500 26.541127 0.000000
LIDC-IDRI-0017
257.812500 2242.112500 26.501499 0.000000
LIDC-IDRI-0018
474.875000 3882.275000 28.920356 0.000000
LIDC-IDRI-0019
300.650000 2594.200000 29.224176 0.000000
LIDC-IDRI-0020
107.350000 860.012500 22.182031 0.000000
LIDC-IDRI-0021
253.525000 1913.837500 26.433278 0.000000
LIDC-IDRI-0022
153.987500 1924.225000 23.338996 0.000000
LIDC-IDRI-0023
319.587500 3631.075000 26.553121 0.000000
LIDC-IDRI-0024
303.925000 2556.762500 26.893521 0.000000
LIDC-IDRI-0025
239.525000 2105.862500 25.178587 0.000000
LIDC-IDRI-0026
144.600000 1727.712500 22.907154 0.000000
LIDC-IDRI-0027
193.737500 1362.487500 27.360485 0.000000
LIDC-IDRI-0028
205.750000 1794.300000 26.695619 0.000000
LIDC-IDRI-0029
91.012500 840.700000 22.547260 0.000000
LIDC-IDRI-0030
352.800000 3113.950000 27.098352 0.000000
LIDC-IDRI-0031
133.425000 562.475000 24.550610 0.000000
LIDC-IDRI-0033
320.612500 1632.950000 27.516358 0.000000
LIDC-IDRI-0034
326.275000 4082.962500 28.045505 0.000000
LIDC-IDRI-0035
137.875000 1039.450000 23.882383 0.000000
LIDC-IDRI-0036
412.562500 3663.200000 27.237045 0.000000
LIDC-IDRI-0037
350.987500 3173.912500 27.856751 0.000000
LIDC-IDRI-0038
328.012500 2831.962500 26.793452 0.000000
LIDC-IDRI-0039
155.725000 1422.425000 23.800032 0.000000
LIDC-IDRI-0040
447.662500 3485.350000 28.454790 0.000000
LIDC-IDRI-0041
80.950000 418.087500 23.673391 0.000000
LIDC-IDRI-0042
351.100000 3546.137500 27.587865 0.000000
LIDC-IDRI-0043
34.212500 77.175000 17.494666 0.000000
LIDC-IDRI-0044
366.937500 3473.512500 28.454990 0.000000
LIDC-IDRI-0045
380.000000 3326.025000 28.436731 0.000000
LIDC-IDRI-0046
217.262500 1909.887500 26.139013 0.000000
LIDC-IDRI-0047
236.637500 1948.312500 26.758784 0.000000
LIDC-IDRI-0048
305.750000 2805.375000 27.015889 0.000000
LIDC-IDRI-0049
334.187500 3240.000000 27.406971 0.000000
LIDC-IDRI-0050
231.750000 1136.975000 27.458963 0.000000
LIDC-IDRI-0051
281.737500 2276.000000 26.056081 0.000000
LIDC-IDRI-0052
324.025000 3071.100000 26.965662 0.000000
LIDC-IDRI-0053
431.100000 3054.037500 27.626330 0.000000
LIDC-IDRI-0054
294.825000 1757.350000 28.189077 0.000000
LIDC-IDRI-0055
393.862500 3891.962500 27.170980 0.000000
LIDC-IDRI-0057
242.650000 2299.887500 26.530545 0.000000
LIDC-IDRI-0058
97.700000 770.575000 22.403336 0.000000
LIDC-IDRI-0059
215.362500 2048.025000 26.768058 0.000000
LIDC-IDRI-0060
301.675000 2090.462500 26.033865 0.000000
LIDC-IDRI-0061
335.162500 2386.500000 27.898922 0.000000
LIDC-IDRI-0063
152.475000 1067.962500 25.016613 0.000000
LIDC-IDRI-0064
240.675000 1610.912500 27.733011 0.000000
LIDC-IDRI-0065
182.587500 1771.300000 25.333777 0.000000
LIDC-IDRI-0066
149.362500 1952.837500 24.179613 0.000000
LIDC-IDRI-0068
417.512500 4027.687500 27.806606 1.000000
LIDC-IDRI-0071
115.737500 829.262500 24.737104 1.000000
LIDC-IDRI-0072
303.450000 3343.950000 28.308631 1.000000
LIDC-IDRI-0073
147.112500 789.050000 24.940951 0.000000
LIDC-IDRI-0074
114.725000 812.487500 22.716462 0.000000
LIDC-IDRI-0075
165.087500 996.800000 26.381892 0.000000
LIDC-IDRI-0076
144.812500 1420.375000 23.954233 0.000000
LIDC-IDRI-0077
181.162500 2149.675000 25.069180 0.000000
LIDC-IDRI-0080
82.425000 497.037500 21.853860 0.000000
LIDC-IDRI-0081
183.525000 1542.337500 24.679983 0.000000
LIDC-IDRI-0082
151.487500 2349.225000 23.751338 0.000000
LIDC-IDRI-0085
250.612500 1737.250000 25.494715 0.000000
LIDC-IDRI-0086
436.775000 3784.300000 29.143815 0.000000
LIDC-IDRI-0087
157.737500 973.687500 24.531898 0.000000
LIDC-IDRI-0088
420.362500 3531.950000 28.456300 1.000000
LIDC-IDRI-0089
231.737500 1729.737500 28.655474 0.000000
LIDC-IDRI-0090
254.900000 1619.637500 26.991864 1.000000
LIDC-IDRI-0091
90.950000 335.237500 22.614066 1.000000
LIDC-IDRI-0092
58.725000 371.900000 18.837044 0.000000
LIDC-IDRI-0093
348.350000 2004.075000 28.000892 0.000000
LIDC-IDRI-0094
141.475000 784.325000 26.910959 0.000000
LIDC-IDRI-0095
215.762500 3324.825000 26.045715 0.000000
LIDC-IDRI-0096
352.787500 2779.862500 27.269830 0.000000
LIDC-IDRI-0097
468.187500 3357.237500 30.178941 0.000000
LIDC-IDRI-0098
453.325000 3946.575000 28.812269 0.000000
LIDC-IDRI-0099
36.575000 52.525000 19.201997 0.000000
LIDC-IDRI-0100
165.875000 1420.275000 25.169832 1.000000
LIDC-IDRI-0101
297.112500 2684.325000 27.230399 0.000000
LIDC-IDRI-0102
41.287500 101.475000 17.804088 0.000000
LIDC-IDRI-0103
418.737500 4029.162500 29.456902 0.000000
LIDC-IDRI-0105
100.600000 820.812500 24.325274 0.000000
LIDC-IDRI-0108
178.325000 1590.737500 27.297133 0.000000
LIDC-IDRI-0109
73.300000 294.687500 22.424735 0.000000
LIDC-IDRI-0110
154.150000 1667.687500 24.001973 0.000000
LIDC-IDRI-0111
314.262500 2779.400000 28.077682 0.000000
LIDC-IDRI-0112
424.937500 3425.137500 27.923004 0.000000
LIDC-IDRI-0113
199.925000 1596.050000 26.466526 0.000000
LIDC-IDRI-0116
154.612500 2029.687500 19.852305 0.000000
LIDC-IDRI-0118
221.350000 1706.262500 26.048949 1.000000
LIDC-IDRI-0119
254.962500 2809.837500 24.857168 0.000000
LIDC-IDRI-0122
459.975000 3330.525000 28.927734 0.000000
LIDC-IDRI-0123
249.650000 1752.000000 26.707972 0.000000
LIDC-IDRI-0124
164.262500 789.312500 25.550500 1.000000
LIDC-IDRI-0125
84.312500 396.525000 24.148087 0.000000
LIDC-IDRI-0126
255.462500 2257.112500 26.630617 0.000000
LIDC-IDRI-0127
66.162500 150.775000 21.809913 0.000000
LIDC-IDRI-0128
59.187500 220.612500 21.789838 0.000000
LIDC-IDRI-0129
320.675000 2935.450000 27.014333 1.000000
LIDC-IDRI-0130
132.175000 1079.150000 25.243532 0.000000
LIDC-IDRI-0131
227.650000 2075.362500 25.205305 0.000000
LIDC-IDRI-0132
1162.450000 7844.725000 32.144452 0.000000
LIDC-IDRI-0133
98.512500 889.950000 23.398365 0.000000
LIDC-IDRI-0136
252.512500 2256.337500 27.463839 0.000000
LIDC-IDRI-0137
422.150000 2880.537500 29.422678 1.000000
LIDC-IDRI-0138
91.012500 830.412500 22.040856 1.000000
LIDC-IDRI-0139
183.412500 823.600000 26.323493 0.000000
LIDC-IDRI-0140
247.462500 4573.325000 25.786098 0.000000
LIDC-IDRI-0141
267.375000 3425.300000 25.484119 0.000000
LIDC-IDRI-0142
292.437500 2168.900000 27.651533 0.000000
LIDC-IDRI-0143
350.950000 2973.837500 28.054563 1.000000
LIDC-IDRI-0145
171.900000 1327.175000 25.817580 0.000000
LIDC-IDRI-0146
186.100000 1644.525000 25.020366 0.000000
LIDC-IDRI-0148
61.675000 143.312500 22.961716 0.000000
LIDC-IDRI-0149
159.200000 1464.850000 24.292253 1.000000
LIDC-IDRI-0152
152.950000 1397.262500 25.445869 0.000000
LIDC-IDRI-0153
99.475000 389.175000 22.830778 0.000000
LIDC-IDRI-0155
262.387500 1472.762500 26.314718 0.000000
LIDC-IDRI-0157
112.050000 864.875000 22.607295 0.000000
LIDC-IDRI-0158
268.475000 2016.037500 27.295254 0.000000
LIDC-IDRI-0159
275.912500 2130.275000 26.987496 1.000000
LIDC-IDRI-0160
177.300000 1096.462500 27.262474 0.000000
LIDC-IDRI-0161
140.175000 1135.775000 23.777445 1.000000
LIDC-IDRI-0162
315.912500 2650.587500 27.036883 1.000000
LIDC-IDRI-0163
127.012500 520.562500 25.713254 1.000000
LIDC-IDRI-0164
281.887500 2007.000000 25.823853 1.000000
LIDC-IDRI-0165
333.912500 3077.050000 27.990032 1.000000
LIDC-IDRI-0166
300.287500 2552.662500 26.835005 1.000000
LIDC-IDRI-0167
393.600000 5273.225000 27.510491 1.000000
LIDC-IDRI-0168
296.150000 2925.600000 26.709566 1.000000
LIDC-IDRI-0169
259.475000 1514.112500 25.983585 1.000000
LIDC-IDRI-0171
153.862500 951.262500 26.009451 1.000000
LIDC-IDRI-0172
316.087500 2810.312500 27.088987 0.000000
LIDC-IDRI-0173
559.712500 4199.125000 27.515170 1.000000
LIDC-IDRI-0174
208.712500 1099.987500 26.719496 1.000000
LIDC-IDRI-0175
351.675000 3129.850000 26.206552 1.000000
LIDC-IDRI-0177
275.375000 2713.025000 27.446022 0.000000
LIDC-IDRI-0178
191.837500 1936.337500 23.186026 1.000000
LIDC-IDRI-0179
228.312500 1957.725000 27.133962 1.000000
LIDC-IDRI-0180
220.637500 1748.975000 25.273193 1.000000
LIDC-IDRI-0181
125.937500 785.387500 24.799970 1.000000
LIDC-IDRI-0182
253.125000 1918.537500 25.984314 1.000000
LIDC-IDRI-0183
161.825000 1700.250000 23.665164 1.000000
LIDC-IDRI-0184
214.775000 2364.200000 24.231480 1.000000
LIDC-IDRI-0185
124.362500 811.525000 25.351111 1.000000
LIDC-IDRI-0186
404.537500 3218.837500 27.253224 1.000000
LIDC-IDRI-0187
108.925000 527.687500 24.472642 1.000000
LIDC-IDRI-0188
46.625000 166.925000 15.846866 1.000000
LIDC-IDRI-0189
152.200000 1132.062500 24.971091 1.000000
LIDC-IDRI-0190
282.425000 2273.362500 26.295930 1.000000
LIDC-IDRI-0191
75.450000 642.962500 19.261481 1.000000
LIDC-IDRI-0192
11.487500 8.762500 10.382024 1.000000
LIDC-IDRI-0193
210.187500 1942.425000 26.284421 1.000000
LIDC-IDRI-0194
85.737500 567.525000 24.016707 1.000000
LIDC-IDRI-0195
74.375000 405.712500 22.176433 0.000000
LIDC-IDRI-0196
56.887500 431.637500 20.455270 0.000000
LIDC-IDRI-0197
305.337500 2485.525000 27.246754 1.000000
LIDC-IDRI-0198
58.287500 351.100000 13.970073 1.000000
LIDC-IDRI-0199
470.675000 3498.775000 29.124395 0.000000
LIDC-IDRI-0200
247.062500 2531.050000 23.805799 1.000000
LIDC-IDRI-0201
156.300000 1557.700000 23.043055 0.000000
LIDC-IDRI-0202
477.450000 4002.762500 25.394384 1.000000
LIDC-IDRI-0203
163.050000 1106.400000 26.995225 1.000000
LIDC-IDRI-0204
107.387500 652.637500 24.743856 0.000000
LIDC-IDRI-0205
204.587500 2063.775000 26.911448 1.000000
LIDC-IDRI-0206
410.462500 4405.837500 29.706097 0.000000
LIDC-IDRI-0207
211.775000 1666.162500 26.845419 1.000000
LIDC-IDRI-0208
313.862500 3047.550000 24.054564 0.000000
LIDC-IDRI-0209
146.287500 969.875000 26.356820 0.000000
LIDC-IDRI-0210
154.650000 942.812500 25.927831 1.000000
LIDC-IDRI-0211
239.925000 2189.787500 26.253965 1.000000
LIDC-IDRI-0212
437.075000 4151.437500 27.827663 1.000000
LIDC-IDRI-0213
247.450000 2872.687500 26.565038 1.000000
LIDC-IDRI-0214
268.925000 1913.075000 27.152874 1.000000
LIDC-IDRI-0215
279.662500 2136.687500 25.558500 0.000000
LIDC-IDRI-0216
163.687500 994.062500 24.683357 0.000000
LIDC-IDRI-0217
207.712500 2283.400000 24.320936 1.000000
LIDC-IDRI-0218
244.512500 2106.787500 27.940600 0.000000
LIDC-IDRI-0219
119.625000 637.562500 25.498646 0.000000
LIDC-IDRI-0220
42.587500 68.950000 21.120808 1.000000
LIDC-IDRI-0221
297.012500 1684.262500 26.697148 1.000000
LIDC-IDRI-0222
319.175000 3720.000000 25.975677 1.000000
LIDC-IDRI-0223
164.262500 1393.125000 24.570571 1.000000
LIDC-IDRI-0224
229.937500 2335.700000 25.753654 1.000000
LIDC-IDRI-0225
136.375000 1223.350000 25.206113 1.000000
LIDC-IDRI-0226
157.262500 1305.950000 24.431291 1.000000
LIDC-IDRI-0227
157.762500 1012.175000 25.874624 0.000000
LIDC-IDRI-0228
490.675000 4353.537500 26.951321 0.000000
LIDC-IDRI-0229
70.875000 345.262500 22.704085 0.000000
LIDC-IDRI-0230
321.750000 1638.450000 27.832594 1.000000
LIDC-IDRI-0231
218.837500 2872.637500 25.048764 1.000000
LIDC-IDRI-0232
113.575000 1142.675000 23.866628 1.000000
LIDC-IDRI-0233
149.175000 1073.837500 22.888374 1.000000
LIDC-IDRI-0234
199.137500 2152.762500 27.410966 1.000000
LIDC-IDRI-0235
252.587500 2926.875000 25.159251 1.000000
LIDC-IDRI-0236
386.537500 3483.575000 28.065016 1.000000
LIDC-IDRI-0237
218.387500 1515.912500 26.741407 1.000000
LIDC-IDRI-0239
151.137500 949.812500 27.253169 1.000000
LIDC-IDRI-0240
111.025000 709.750000 24.608071 0.000000
LIDC-IDRI-0241
249.987500 2131.950000 28.311541 0.000000
LIDC-IDRI-0242
317.737500 2741.900000 28.417319 1.000000
LIDC-IDRI-0243
173.300000 1317.312500 26.145353 1.000000
LIDC-IDRI-0244
185.387500 1274.412500 25.792105 1.000000
LIDC-IDRI-0245
307.837500 2912.512500 26.557962 1.000000
LIDC-IDRI-0246
254.950000 2320.787500 27.058130 1.000000
LIDC-IDRI-0247
230.450000 2412.387500 26.620102 1.000000
LIDC-IDRI-0248
196.787500 1057.512500 26.076066 1.000000
LIDC-IDRI-0249
58.850000 300.350000 21.785502 1.000000
LIDC-IDRI-0250
217.887500 1330.975000 26.381092 1.000000
LIDC-IDRI-0251
181.637500 1073.100000 26.262853 1.000000
LIDC-IDRI-0252
216.487500 1685.862500 26.907365 1.000000
LIDC-IDRI-0253
259.750000 2555.312500 25.991298 1.000000
LIDC-IDRI-0254
255.150000 2346.850000 22.970822 1.000000
LIDC-IDRI-0255
314.225000 2132.275000 26.277452 1.000000
LIDC-IDRI-0256
108.412500 792.562500 25.439027 1.000000
LIDC-IDRI-0257
282.662500 2460.225000 25.758977 1.000000
LIDC-IDRI-0258
124.550000 595.000000 24.742362 1.000000
LIDC-IDRI-0259
155.712500 1762.387500 23.370562 0.000000
LIDC-IDRI-0260
260.950000 2676.925000 26.463644 1.000000
LIDC-IDRI-0261
352.962500 3145.062500 27.268974 1.000000
LIDC-IDRI-0262
330.937500 2581.900000 27.130172 0.000000
LIDC-IDRI-0263
132.400000 866.900000 25.851989 0.000000
LIDC-IDRI-0264
199.550000 2155.300000 26.882467 1.000000
LIDC-IDRI-0265
281.062500 2421.387500 27.246050 1.000000
LIDC-IDRI-0266
260.062500 2090.212500 24.648039 1.000000
LIDC-IDRI-0267
131.212500 1004.750000 24.341010 1.000000
LIDC-IDRI-0268
225.825000 2165.075000 25.405393 1.000000
LIDC-IDRI-0269
229.187500 2420.362500 27.074438 0.000000
LIDC-IDRI-0270
293.787500 2536.650000 28.345950 1.000000
LIDC-IDRI-0271
137.187500 1399.600000 22.169668 1.000000
LIDC-IDRI-0273
346.937500 2411.575000 27.322638 1.000000
LIDC-IDRI-0274
281.400000 2018.525000 26.323665 1.000000
LIDC-IDRI-0275
218.187500 2448.600000 26.210194 1.000000
LIDC-IDRI-0276
229.537500 2149.275000 24.533925 1.000000
LIDC-IDRI-0277
109.287500 903.462500 24.801737 1.000000
LIDC-IDRI-0278
12.862500 12.287500 10.385740 1.000000
LIDC-IDRI-0279
163.025000 1382.962500 22.655779 1.000000
LIDC-IDRI-0280
446.400000 4494.125000 27.299973 1.000000
LIDC-IDRI-0281
258.125000 2443.175000 24.920612 1.000000
LIDC-IDRI-0282
328.550000 3368.575000 26.273320 1.000000
LIDC-IDRI-0283
264.762500 1860.137500 26.443884 1.000000
LIDC-IDRI-0284
86.100000 340.512500 23.266988 0.000000
LIDC-IDRI-0285
200.962500 1630.725000 24.460848 1.000000
LIDC-IDRI-0286
265.575000 2268.025000 27.006464 1.000000
LIDC-IDRI-0287
220.887500 1382.862500 24.925633 1.000000
LIDC-IDRI-0288
395.150000 4713.012500 26.587729 1.000000
LIDC-IDRI-0289
81.237500 831.000000 21.591121 1.000000
LIDC-IDRI-0290
168.612500 676.137500 26.064912 1.000000
LIDC-IDRI-0291
63.025000 571.912500 20.692049 0.000000
LIDC-IDRI-0292
315.525000 4223.425000 26.865468 0.000000
LIDC-IDRI-0293
340.375000 4485.187500 26.964615 0.000000
LIDC-IDRI-0294
347.050000 6679.412500 26.288872 0.000000
LIDC-IDRI-0295
188.100000 1940.700000 26.378753 0.000000
LIDC-IDRI-0296
412.562500 3373.300000 28.894610 0.000000
LIDC-IDRI-0297
437.625000 6933.100000 26.747082 0.000000
LIDC-IDRI-0298
210.450000 2887.500000 26.334784 0.000000
LIDC-IDRI-0299
258.850000 2683.987500 27.229819 0.000000
LIDC-IDRI-0300
518.775000 4826.700000 30.485474 0.000000
LIDC-IDRI-0301
159.775000 1772.450000 24.095423 0.000000
LIDC-IDRI-0314
170.450000 1611.075000 24.433299 1.000000
LIDC-IDRI-0325
208.862500 1906.975000 24.559536 1.000000
LIDC-IDRI-0332
360.362500 5052.087500 28.123645 1.000000
LIDC-IDRI-0377
327.425000 2826.762500 28.840788 1.000000
LIDC-IDRI-0385
183.225000 1618.387500 26.274843 1.000000
LIDC-IDRI-0399
73.712500 434.750000 16.407492 1.000000
LIDC-IDRI-0405
365.075000 3611.450000 28.131312 1.000000
LIDC-IDRI-0454
149.475000 1071.125000 23.498055 1.000000
LIDC-IDRI-0470
114.175000 986.937500 24.029164 1.000000
LIDC-IDRI-0493
411.362500 3433.112500 29.170057 1.000000
LIDC-IDRI-0510
288.250000 2349.862500 27.230048 1.000000
LIDC-IDRI-0522
239.362500 2374.487500 25.816263 1.000000
LIDC-IDRI-0543
332.125000 2214.675000 27.421848 1.000000
LIDC-IDRI-0559
380.937500 3171.700000 26.977818 1.000000
LIDC-IDRI-0562
341.375000 4248.862500 27.516946 1.000000
LIDC-IDRI-0568
165.550000 1916.000000 26.099395 1.000000
LIDC-IDRI-0576
287.887500 4006.750000 23.722085 1.000000
LIDC-IDRI-0580
403.850000 4199.350000 28.010578 1.000000
LIDC-IDRI-0610
707.775000 4200.037500 29.940180 1.000000
LIDC-IDRI-0624
228.987500 2515.100000 26.720386 1.000000
LIDC-IDRI-0766
178.937500 1107.850000 24.887305 1.000000
LIDC-IDRI-0771
339.225000 2770.637500 27.024442 1.000000
LIDC-IDRI-0772
198.237500 1598.575000 25.544405 1.000000
LIDC-IDRI-0811
494.787500 5033.650000 28.019875 1.000000
LIDC-IDRI-0875
143.187500 850.150000 26.253287 1.000000
LIDC-IDRI-0893
224.137500 2207.600000 24.699987 1.000000
LIDC-IDRI-0905
485.500000 4886.950000 29.227342 1.000000
LIDC-IDRI-0921
170.287500 1296.525000 25.764859 1.000000
LIDC-IDRI-0924
333.700000 3750.500000 28.658809 1.000000
LIDC-IDRI-0939
327.650000 3213.200000 26.531979 1.000000
LIDC-IDRI-0965
269.075000 2413.850000 25.295383 1.000000
LIDC-IDRI-0994
410.700000 4547.562500 26.678205 1.000000
LIDC-IDRI-1002
472.300000 3823.325000 30.239205 1.000000
LIDC-IDRI-1004
309.937500 4234.675000 27.516891 1.000000
LIDC-IDRI-1010
272.850000 3391.675000 25.351615 1.000000
LIDC-IDRI-1011
145.462500 876.875000 25.906397 1.000000
