LIDC-IDRI-0001
39.300000 449.025000 12.763394
LIDC-IDRI-0002
55.350000 777.025000 15.025365
LIDC-IDRI-0003
44.862500 346.787500 14.120015
LIDC-IDRI-0004
90.537500 1693.037500 16.083581
LIDC-IDRI-0005
63.262500 2514.212500 12.245749
LIDC-IDRI-0006
42.350000 1071.000000 12.924580
LIDC-IDRI-0007
31.862500 500.412500 12.393491
LIDC-IDRI-0008
94.112500 1326.750000 15.194030
LIDC-IDRI-0011
32.287500 785.825000 10.648364
LIDC-IDRI-0013
94.900000 5159.225000 15.360035
LIDC-IDRI-0014
121.237500 3057.662500 16.144566
LIDC-IDRI-0015
27.525000 559.262500 10.928667
LIDC-IDRI-0016
28.262500 734.775000 9.761538
LIDC-IDRI-0017
53.012500 1533.012500 14.493196
LIDC-IDRI-0018
91.262500 1562.250000 15.773241
LIDC-IDRI-0019
74.900000 647.412500 19.847102
LIDC-IDRI-0020
25.287500 486.375000 9.067905
LIDC-IDRI-0021
78.625000 1328.250000 16.035994
LIDC-IDRI-0022
8.812500 253.337500 5.428708
LIDC-IDRI-0023
49.175000 1969.962500 11.695230
LIDC-IDRI-0024
52.362500 1627.537500 12.493623
