LIDC-IDRI-0001
180.200000 1590.687500 25.615723
LIDC-IDRI-0002
261.500000 2265.162500 27.601394
LIDC-IDRI-0003
196.300000 1121.225000 26.930798
LIDC-IDRI-0004
297.250000 2001.962500 27.466092
LIDC-IDRI-0005
522.075000 4290.375000 27.691388
LIDC-IDRI-0006
231.350000 2441.112500 27.378328
LIDC-IDRI-0007
171.350000 1462.562500 25.969766
LIDC-IDRI-0008
293.400000 1303.787500 27.811011
LIDC-IDRI-0011
236.437500 1887.350000 26.646594
LIDC-IDRI-0012
168.937500 1960.300000 23.989205
LIDC-IDRI-0013
705.487500 8123.950000 29.042646
LIDC-IDRI-0014
470.862500 3716.300000 28.126690
LIDC-IDRI-0015
180.325000 2025.187500 25.643235
LIDC-IDRI-0016
259.550000 2276.187500 26.541127
LIDC-IDRI-0017
257.812500 2242.112500 26.501499
LIDC-IDRI-0018
474.875000 3882.275000 28.920356
LIDC-IDRI-0019
300.650000 2594.200000 29.224176
LIDC-IDRI-0020
107.350000 860.012500 22.182031
LIDC-IDRI-0021
253.525000 1913.837500 26.433278
LIDC-IDRI-0022
153.987500 1924.225000 23.338996
LIDC-IDRI-0023
319.587500 3631.075000 26.553121
LIDC-IDRI-0024
303.925000 2556.762500 26.893521
LIDC-IDRI-0025
239.525000 2105.862500 25.178587
LIDC-IDRI-0026
144.600000 1727.712500 22.907154
LIDC-IDRI-0027
193.737500 1362.487500 27.360485
LIDC-IDRI-0028
205.750000 1794.300000 26.695619
LIDC-IDRI-0029
91.012500 840.700000 22.547260
LIDC-IDRI-0030
352.800000 3113.950000 27.098352
LIDC-IDRI-0031
133.425000 562.475000 24.550610
LIDC-IDRI-0033
320.612500 1632.950000 27.516358
LIDC-IDRI-0034
326.275000 4082.962500 28.045505
LIDC-IDRI-0035
137.875000 1039.450000 23.882383
LIDC-IDRI-0036
412.562500 3663.200000 27.237045
LIDC-IDRI-0037
350.987500 3173.912500 27.856751
LIDC-IDRI-0038
328.012500 2831.962500 26.793452
LIDC-IDRI-0039
155.725000 1422.425000 23.800032
LIDC-IDRI-0040
447.662500 3485.350000 28.454790
LIDC-IDRI-0041
80.950000 418.087500 23.673391
LIDC-IDRI-0042
351.100000 3546.137500 27.587865
LIDC-IDRI-0043
34.212500 77.175000 17.494666
LIDC-IDRI-0044
366.937500 3473.512500 28.454990
LIDC-IDRI-0045
380.000000 3326.025000 28.436731
LIDC-IDRI-0046
217.262500 1909.887500 26.139013
LIDC-IDRI-0047
236.637500 1948.312500 26.758784
LIDC-IDRI-0048
305.750000 2805.375000 27.015889
LIDC-IDRI-0049
334.187500 3240.000000 27.406971
LIDC-IDRI-0050
231.750000 1136.975000 27.458963
LIDC-IDRI-0051
281.737500 2276.000000 26.056081
LIDC-IDRI-0052
324.025000 3071.100000 26.965662
LIDC-IDRI-0053
431.100000 3054.037500 27.626330
LIDC-IDRI-0054
294.825000 1757.350000 28.189077
LIDC-IDRI-0055
393.862500 3891.962500 27.170980
LIDC-IDRI-0057
242.650000 2299.887500 26.530545
LIDC-IDRI-0058
97.700000 770.575000 22.403336
LIDC-IDRI-0059
215.362500 2048.025000 26.768058
LIDC-IDRI-0060
301.675000 2090.462500 26.033865
LIDC-IDRI-0061
335.162500 2386.500000 27.898922
LIDC-IDRI-0063
152.475000 1067.962500 25.016613
LIDC-IDRI-0064
240.675000 1610.912500 27.733011
LIDC-IDRI-0065
182.587500 1771.300000 25.333777
LIDC-IDRI-0066
149.362500 1952.837500 24.179613
LIDC-IDRI-0068
417.512500 4027.687500 27.806606
LIDC-IDRI-0071
115.737500 829.262500 24.737104
LIDC-IDRI-0072
303.450000 3343.950000 28.308631
LIDC-IDRI-0073
147.112500 789.050000 24.940951
LIDC-IDRI-0074
114.725000 812.487500 22.716462
LIDC-IDRI-0075
165.087500 996.800000 26.381892
LIDC-IDRI-0076
144.812500 1420.375000 23.954233
LIDC-IDRI-0077
181.162500 2149.675000 25.069180
LIDC-IDRI-0080
82.425000 497.037500 21.853860
LIDC-IDRI-0081
183.525000 1542.337500 24.679983
LIDC-IDRI-0082
151.487500 2349.225000 23.751338
LIDC-IDRI-0085
250.612500 1737.250000 25.494715
LIDC-IDRI-0086
436.775000 3784.300000 29.143815
LIDC-IDRI-0087
157.737500 973.687500 24.531898
LIDC-IDRI-0088
420.362500 3531.950000 28.456300
LIDC-IDRI-0089
231.737500 1729.737500 28.655474
LIDC-IDRI-0090
254.900000 1619.637500 26.991864
LIDC-IDRI-0091
90.950000 335.237500 22.614066
LIDC-IDRI-0092
58.725000 371.900000 18.837044
LIDC-IDRI-0093
348.350000 2004.075000 28.000892
LIDC-IDRI-0094
141.475000 784.325000 26.910959
LIDC-IDRI-0095
215.762500 3324.825000 26.045715
LIDC-IDRI-0096
352.787500 2779.862500 27.269830
LIDC-IDRI-0097
468.187500 3357.237500 30.178941
LIDC-IDRI-0098
453.325000 3946.575000 28.812269
LIDC-IDRI-0099
36.575000 52.525000 19.201997
LIDC-IDRI-0100
165.875000 1420.275000 25.169832
LIDC-IDRI-0101
297.112500 2684.325000 27.230399
LIDC-IDRI-0102
41.287500 101.475000 17.804088
LIDC-IDRI-0103
418.737500 4029.162500 29.456902
LIDC-IDRI-0105
100.600000 820.812500 24.325274
LIDC-IDRI-0108
178.325000 1590.737500 27.297133
LIDC-IDRI-0109
73.300000 294.687500 22.424735
LIDC-IDRI-0110
154.150000 1667.687500 24.001973
LIDC-IDRI-0111
314.262500 2779.400000 28.077682
LIDC-IDRI-0112
424.937500 3425.137500 27.923004
LIDC-IDRI-0113
199.925000 1596.050000 26.466526
LIDC-IDRI-0116
154.612500 2029.687500 19.852305
LIDC-IDRI-0118
221.350000 1706.262500 26.048949
LIDC-IDRI-0119
254.962500 2809.837500 24.857168
LIDC-IDRI-0122
459.975000 3330.525000 28.927734
LIDC-IDRI-0123
249.650000 1752.000000 26.707972
LIDC-IDRI-0124
164.262500 789.312500 25.550500
LIDC-IDRI-0125
84.312500 396.525000 24.148087
LIDC-IDRI-0126
255.462500 2257.112500 26.630617
LIDC-IDRI-0127
66.162500 150.775000 21.809913
LIDC-IDRI-0128
59.187500 220.612500 21.789838
LIDC-IDRI-0129
320.675000 2935.450000 27.014333
LIDC-IDRI-0130
132.175000 1079.150000 25.243532
LIDC-IDRI-0131
227.650000 2075.362500 25.205305
LIDC-IDRI-0132
1162.450000 7844.725000 32.144452
LIDC-IDRI-0133
98.512500 889.950000 23.398365
LIDC-IDRI-0136
252.512500 2256.337500 27.463839
LIDC-IDRI-0137
422.150000 2880.537500 29.422678
LIDC-IDRI-0138
91.012500 830.412500 22.040856
LIDC-IDRI-0139
183.412500 823.600000 26.323493
LIDC-IDRI-0140
247.462500 4573.325000 25.786098
LIDC-IDRI-0141
267.375000 3425.300000 25.484119
LIDC-IDRI-0142
292.437500 2168.900000 27.651533
LIDC-IDRI-0143
350.950000 2973.837500 28.054563
LIDC-IDRI-0145
171.900000 1327.175000 25.817580
LIDC-IDRI-0146
186.100000 1644.525000 25.020366
LIDC-IDRI-0148
61.675000 143.312500 22.961716
LIDC-IDRI-0149
159.200000 1464.850000 24.292253
LIDC-IDRI-0152
152.950000 1397.262500 25.445869
LIDC-IDRI-0153
99.475000 389.175000 22.830778
LIDC-IDRI-0155
262.387500 1472.762500 26.314718
LIDC-IDRI-0157
112.050000 864.875000 22.607295
LIDC-IDRI-0158
268.475000 2016.037500 27.295254
LIDC-IDRI-0159
275.912500 2130.275000 26.987496
LIDC-IDRI-0160
177.300000 1096.462500 27.262474
LIDC-IDRI-0161
140.175000 1135.775000 23.777445
LIDC-IDRI-0162
315.912500 2650.587500 27.036883
LIDC-IDRI-0163
127.012500 520.562500 25.713254
LIDC-IDRI-0164
281.887500 2007.000000 25.823853
LIDC-IDRI-0165
333.912500 3077.050000 27.990032
LIDC-IDRI-0166
300.287500 2552.662500 26.835005
LIDC-IDRI-0167
393.600000 5273.225000 27.510491
LIDC-IDRI-0168
296.150000 2925.600000 26.709566
LIDC-IDRI-0169
259.475000 1514.112500 25.983585
LIDC-IDRI-0171
153.862500 951.262500 26.009451
LIDC-IDRI-0172
316.087500 2810.312500 27.088987
LIDC-IDRI-0173
559.712500 4199.125000 27.515170
LIDC-IDRI-0174
208.712500 1099.987500 26.719496
LIDC-IDRI-0175
351.675000 3129.850000 26.206552
LIDC-IDRI-0177
275.375000 2713.025000 27.446022
LIDC-IDRI-0178
191.837500 1936.337500 23.186026
LIDC-IDRI-0179
228.312500 1957.725000 27.133962
LIDC-IDRI-0180
220.637500 1748.975000 25.273193
LIDC-IDRI-0181
125.937500 785.387500 24.799970
LIDC-IDRI-0182
253.125000 1918.537500 25.984314
LIDC-IDRI-0183
161.825000 1700.250000 23.665164
LIDC-IDRI-0184
214.775000 2364.200000 24.231480
LIDC-IDRI-0185
124.362500 811.525000 25.351111
LIDC-IDRI-0186
404.537500 3218.837500 27.253224
LIDC-IDRI-0187
108.925000 527.687500 24.472642
LIDC-IDRI-0188
46.625000 166.925000 15.846866
LIDC-IDRI-0189
152.200000 1132.062500 24.971091
LIDC-IDRI-0190
282.425000 2273.362500 26.295930
LIDC-IDRI-0191
75.450000 642.962500 19.261481
LIDC-IDRI-0192
11.487500 8.762500 10.382024
LIDC-IDRI-0193
210.187500 1942.425000 26.284421
LIDC-IDRI-0194
85.737500 567.525000 24.016707
LIDC-IDRI-0195
74.375000 405.712500 22.176433
LIDC-IDRI-0196
56.887500 431.637500 20.455270
LIDC-IDRI-0197
305.337500 2485.525000 27.246754
LIDC-IDRI-0198
58.287500 351.100000 13.970073
LIDC-IDRI-0199
470.675000 3498.775000 29.124395
LIDC-IDRI-0200
247.062500 2531.050000 23.805799
LIDC-IDRI-0201
156.300000 1557.700000 23.043055
LIDC-IDRI-0202
477.450000 4002.762500 25.394384
LIDC-IDRI-0203
163.050000 1106.400000 26.995225
LIDC-IDRI-0204
107.387500 652.637500 24.743856
LIDC-IDRI-0205
204.587500 2063.775000 26.911448
LIDC-IDRI-0206
410.462500 4405.837500 29.706097
LIDC-IDRI-0207
211.775000 1666.162500 26.845419
LIDC-IDRI-0208
313.862500 3047.550000 24.054564
LIDC-IDRI-0209
146.287500 969.875000 26.356820
LIDC-IDRI-0210
154.650000 942.812500 25.927831
LIDC-IDRI-0211
239.925000 2189.787500 26.253965
LIDC-IDRI-0212
437.075000 4151.437500 27.827663
LIDC-IDRI-0213
247.450000 2872.687500 26.565038
LIDC-IDRI-0214
268.925000 1913.075000 27.152874
LIDC-IDRI-0215
279.662500 2136.687500 25.558500
LIDC-IDRI-0216
163.687500 994.062500 24.683357
LIDC-IDRI-0217
207.712500 2283.400000 24.320936
LIDC-IDRI-0218
244.512500 2106.787500 27.940600
LIDC-IDRI-0219
119.625000 637.562500 25.498646
LIDC-IDRI-0220
42.587500 68.950000 21.120808
LIDC-IDRI-0221
297.012500 1684.262500 26.697148
LIDC-IDRI-0222
319.175000 3720.000000 25.975677
LIDC-IDRI-0223
164.262500 1393.125000 24.570571
LIDC-IDRI-0224
229.937500 2335.700000 25.753654
LIDC-IDRI-0225
136.375000 1223.350000 25.206113
LIDC-IDRI-0226
157.262500 1305.950000 24.431291
LIDC-IDRI-0227
157.762500 1012.175000 25.874624
LIDC-IDRI-0228
490.675000 4353.537500 26.951321
LIDC-IDRI-0229
70.875000 345.262500 22.704085
LIDC-IDRI-0230
321.750000 1638.450000 27.832594
LIDC-IDRI-0231
218.837500 2872.637500 25.048764
LIDC-IDRI-0232
113.575000 1142.675000 23.866628
LIDC-IDRI-0233
149.175000 1073.837500 22.888374
LIDC-IDRI-0234
199.137500 2152.762500 27.410966
LIDC-IDRI-0235
252.587500 2926.875000 25.159251
LIDC-IDRI-0236
386.537500 3483.575000 28.065016
LIDC-IDRI-0237
218.387500 1515.912500 26.741407
LIDC-IDRI-0239
151.137500 949.812500 27.253169
LIDC-IDRI-0240
111.025000 709.750000 24.608071
LIDC-IDRI-0241
249.987500 2131.950000 28.311541
LIDC-IDRI-0242
317.737500 2741.900000 28.417319
LIDC-IDRI-0243
173.300000 1317.312500 26.145353
LIDC-IDRI-0244
185.387500 1274.412500 25.792105
LIDC-IDRI-0245
307.837500 2912.512500 26.557962
LIDC-IDRI-0246
254.950000 2320.787500 27.058130
LIDC-IDRI-0247
230.450000 2412.387500 26.620102
LIDC-IDRI-0248
196.787500 1057.512500 26.076066
LIDC-IDRI-0249
58.850000 300.350000 21.785502
LIDC-IDRI-0250
217.887500 1330.975000 26.381092
LIDC-IDRI-0251
181.637500 1073.100000 26.262853
LIDC-IDRI-0252
216.487500 1685.862500 26.907365
LIDC-IDRI-0253
259.750000 2555.312500 25.991298
LIDC-IDRI-0254
255.150000 2346.850000 22.970822
LIDC-IDRI-0255
314.225000 2132.275000 26.277452
LIDC-IDRI-0256
108.412500 792.562500 25.439027
LIDC-IDRI-0257
282.662500 2460.225000 25.758977
LIDC-IDRI-0258
124.550000 595.000000 24.742362
LIDC-IDRI-0259
155.712500 1762.387500 23.370562
LIDC-IDRI-0260
260.950000 2676.925000 26.463644
LIDC-IDRI-0261
352.962500 3145.062500 27.268974
LIDC-IDRI-0262
330.937500 2581.900000 27.130172
LIDC-IDRI-0263
132.400000 866.900000 25.851989
LIDC-IDRI-0264
199.550000 2155.300000 26.882467
LIDC-IDRI-0265
281.062500 2421.387500 27.246050
LIDC-IDRI-0266
260.062500 2090.212500 24.648039
LIDC-IDRI-0267
131.212500 1004.750000 24.341010
LIDC-IDRI-0268
225.825000 2165.075000 25.405393
LIDC-IDRI-0269
229.187500 2420.362500 27.074438
LIDC-IDRI-0270
293.787500 2536.650000 28.345950
LIDC-IDRI-0271
137.187500 1399.600000 22.169668
LIDC-IDRI-0273
346.937500 2411.575000 27.322638
LIDC-IDRI-0274
281.400000 2018.525000 26.323665
LIDC-IDRI-0275
218.187500 2448.600000 26.210194
LIDC-IDRI-0276
229.537500 2149.275000 24.533925
LIDC-IDRI-0277
109.287500 903.462500 24.801737
LIDC-IDRI-0278
12.862500 12.287500 10.385740
LIDC-IDRI-0279
163.025000 1382.962500 22.655779
LIDC-IDRI-0280
446.400000 4494.125000 27.299973
LIDC-IDRI-0281
258.125000 2443.175000 24.920612
LIDC-IDRI-0282
328.550000 3368.575000 26.273320
LIDC-IDRI-0283
264.762500 1860.137500 26.443884
LIDC-IDRI-0284
86.100000 340.512500 23.266988
LIDC-IDRI-0285
200.962500 1630.725000 24.460848
LIDC-IDRI-0286
265.575000 2268.025000 27.006464
LIDC-IDRI-0287
220.887500 1382.862500 24.925633
LIDC-IDRI-0288
395.150000 4713.012500 26.587729
LIDC-IDRI-0289
81.237500 831.000000 21.591121
LIDC-IDRI-0290
168.612500 676.137500 26.064912
LIDC-IDRI-0291
63.025000 571.912500 20.692049
LIDC-IDRI-0292
315.525000 4223.425000 26.865468
LIDC-IDRI-0293
340.375000 4485.187500 26.964615
LIDC-IDRI-0294
347.050000 6679.412500 26.288872
LIDC-IDRI-0295
188.100000 1940.700000 26.378753
LIDC-IDRI-0296
412.562500 3373.300000 28.894610
LIDC-IDRI-0297
437.625000 6933.100000 26.747082
LIDC-IDRI-0298
210.450000 2887.500000 26.334784
LIDC-IDRI-0299
258.850000 2683.987500 27.229819
LIDC-IDRI-0300
518.775000 4826.700000 30.485474
LIDC-IDRI-0301
159.775000 1772.450000 24.095423
LIDC-IDRI-0302
572.550000 4603.725000 28.358129
LIDC-IDRI-0303
273.337500 1229.262500 28.663008
LIDC-IDRI-0304
216.287500 2467.825000 26.525650
LIDC-IDRI-0305
195.187500 2005.187500 26.562036
LIDC-IDRI-0306
166.400000 1918.850000 25.371753
LIDC-IDRI-0307
280.487500 3843.125000 26.172778
LIDC-IDRI-0308
324.925000 4247.500000 27.283312
LIDC-IDRI-0309
151.512500 2448.262500 23.984636
LIDC-IDRI-0311
72.687500 362.425000 22.108577
LIDC-IDRI-0312
350.000000 3885.912500 27.680536
LIDC-IDRI-0313
21.200000 51.600000 15.031362
LIDC-IDRI-0314
170.450000 1611.075000 24.433299
LIDC-IDRI-0315
298.575000 2454.162500 27.476326
LIDC-IDRI-0316
156.462500 1737.575000 23.698711
LIDC-IDRI-0317
255.712500 2672.225000 27.080669
LIDC-IDRI-0318
392.962500 6535.150000 26.657710
LIDC-IDRI-0319
398.387500 4027.250000 25.832629
LIDC-IDRI-0320
267.512500 3011.400000 26.804189
LIDC-IDRI-0321
152.125000 1468.312500 25.032017
LIDC-IDRI-0322
288.975000 2582.612500 30.023152
LIDC-IDRI-0323
454.425000 3952.400000 26.031039
LIDC-IDRI-0324
194.737500 2128.512500 25.073592
LIDC-IDRI-0325
208.862500 1906.975000 24.559536
LIDC-IDRI-0326
402.612500 3592.112500 29.818950
LIDC-IDRI-0327
234.900000 2545.175000 26.107067
LIDC-IDRI-0328
259.400000 3804.700000 26.777750
LIDC-IDRI-0329
433.662500 4837.612500 28.176381
LIDC-IDRI-0331
229.725000 2886.937500 26.853014
LIDC-IDRI-0332
360.362500 5052.087500 28.123645
LIDC-IDRI-0333
218.712500 2544.225000 27.367930
LIDC-IDRI-0335
210.837500 2042.500000 25.831360
LIDC-IDRI-0336
243.125000 1663.162500 28.394161
LIDC-IDRI-0337
650.962500 5096.650000 29.586559
LIDC-IDRI-0338
299.375000 3317.925000 27.304453
LIDC-IDRI-0339
185.175000 1668.312500 27.078383
LIDC-IDRI-0340
299.100000 3697.312500 26.445184
LIDC-IDRI-0341
136.950000 1829.400000 24.642490
LIDC-IDRI-0342
207.375000 1987.725000 26.675307
LIDC-IDRI-0343
150.075000 1778.325000 26.377892
LIDC-IDRI-0344
297.037500 3304.525000 27.165865
LIDC-IDRI-0345
915.012500 7161.525000 29.614296
LIDC-IDRI-0347
198.687500 2388.725000 26.311176
LIDC-IDRI-0348
308.212500 2778.487500 27.669301
LIDC-IDRI-0349
342.437500 4035.537500 27.312520
LIDC-IDRI-0350
389.762500 5928.825000 25.800600
LIDC-IDRI-0351
210.712500 3251.887500 26.635097
LIDC-IDRI-0352
127.625000 1452.100000 24.251874
LIDC-IDRI-0353
76.412500 621.200000 20.820150
LIDC-IDRI-0355
556.087500 4028.100000 29.846594
LIDC-IDRI-0356
394.137500 5287.587500 27.895424
LIDC-IDRI-0357
202.950000 1677.137500 27.227144
LIDC-IDRI-0358
199.300000 2047.212500 26.999535
LIDC-IDRI-0361
136.112500 1492.812500 23.984390
LIDC-IDRI-0362
648.837500 6158.837500 27.581936
LIDC-IDRI-0363
168.150000 1808.612500 25.470679
LIDC-IDRI-0364
317.812500 2309.237500 28.694479
LIDC-IDRI-0365
450.837500 2891.887500 29.588135
LIDC-IDRI-0367
219.400000 2438.237500 26.298664
LIDC-IDRI-0369
221.837500 2838.562500 25.550444
LIDC-IDRI-0370
617.750000 5205.487500 28.042432
LIDC-IDRI-0371
502.675000 4389.075000 31.437739
LIDC-IDRI-0372
99.450000 597.612500 23.526125
LIDC-IDRI-0373
456.950000 4040.875000 30.028798
LIDC-IDRI-0374
296.987500 3176.250000 27.362888
LIDC-IDRI-0375
241.287500 2906.475000 26.684300
LIDC-IDRI-0376
211.087500 2421.512500 26.320898
LIDC-IDRI-0377
327.425000 2826.762500 28.840788
LIDC-IDRI-0380
399.875000 5122.600000 27.534949
LIDC-IDRI-0381
61.150000 133.987500 22.019507
LIDC-IDRI-0383
177.500000 1414.775000 24.936279
LIDC-IDRI-0384
289.262500 3023.312500 27.568889
LIDC-IDRI-0385
183.225000 1618.387500 26.274843
LIDC-IDRI-0386
164.300000 1552.162500 26.502946
LIDC-IDRI-0387
423.100000 2986.112500 28.753827
LIDC-IDRI-0388
263.950000 2649.262500 27.538621
LIDC-IDRI-0390
540.125000 3995.850000 28.825840
LIDC-IDRI-0391
112.562500 1047.162500 24.305009
LIDC-IDRI-0392
235.225000 3468.512500 25.966393
LIDC-IDRI-0393
344.362500 3421.925000 28.085557
LIDC-IDRI-0394
434.125000 4561.300000 28.986186
LIDC-IDRI-0397
366.862500 4837.737500 26.540176
LIDC-IDRI-0398
196.425000 1571.662500 25.722122
LIDC-IDRI-0399
73.712500 434.750000 16.407492
LIDC-IDRI-0400
203.262500 2019.787500 26.325365
LIDC-IDRI-0401
146.062500 1253.137500 26.454091
LIDC-IDRI-0402
184.700000 2133.825000 25.644346
LIDC-IDRI-0404
242.600000 1899.700000 26.810453
LIDC-IDRI-0405
365.075000 3611.450000 28.131312
LIDC-IDRI-0406
261.650000 3880.137500 26.079646
LIDC-IDRI-0407
204.325000 1776.475000 26.377107
LIDC-IDRI-0408
191.387500 2405.300000 25.167253
LIDC-IDRI-0409
340.512500 3494.450000 28.078971
LIDC-IDRI-0410
161.312500 1486.300000 25.515449
LIDC-IDRI-0411
241.887500 3032.775000 26.179398
LIDC-IDRI-0412
300.100000 3552.875000 28.157406
LIDC-IDRI-0413
205.150000 2583.125000 23.775229
LIDC-IDRI-0414
104.600000 463.437500 24.307030
LIDC-IDRI-0415
100.500000 627.375000 21.061958
LIDC-IDRI-0416
421.812500 5794.462500 28.666877
LIDC-IDRI-0417
262.187500 2088.600000 27.385328
LIDC-IDRI-0418
110.525000 553.687500 23.321734
LIDC-IDRI-0419
277.400000 3072.137500 26.718055
LIDC-IDRI-0420
248.350000 3171.287500 26.967270
LIDC-IDRI-0422
254.087500 1259.612500 30.007705
LIDC-IDRI-0423
154.550000 1364.525000 25.876796
LIDC-IDRI-0424
214.425000 3400.137500 25.216080
LIDC-IDRI-0425
123.862500 1693.825000 22.488435
LIDC-IDRI-0427
314.100000 3547.237500 26.519959
LIDC-IDRI-0428
306.300000 3396.037500 25.068065
LIDC-IDRI-0429
381.950000 3843.637500 26.604179
LIDC-IDRI-0430
523.387500 3308.362500 28.412930
LIDC-IDRI-0431
333.175000 3607.812500 26.427236
LIDC-IDRI-0432
194.250000 2159.787500 26.333428
LIDC-IDRI-0433
190.312500 1198.962500 26.514836
LIDC-IDRI-0434
496.250000 4774.587500 26.650847
LIDC-IDRI-0435
583.212500 6502.287500 30.113064
LIDC-IDRI-0436
396.775000 3439.387500 29.325267
LIDC-IDRI-0437
555.300000 6789.550000 26.912281
LIDC-IDRI-0438
370.950000 5600.637500 26.290935
LIDC-IDRI-0440
348.137500 3713.650000 28.576611
LIDC-IDRI-0441
416.300000 6523.412500 26.208328
LIDC-IDRI-0442
456.387500 3607.675000 28.651658
LIDC-IDRI-0443
199.262500 2639.237500 26.975565
LIDC-IDRI-0444
500.825000 4223.262500 27.467056
LIDC-IDRI-0445
456.062500 6855.837500 27.688449
LIDC-IDRI-0446
166.800000 1880.575000 24.800117
LIDC-IDRI-0447
343.312500 2459.412500 26.479771
LIDC-IDRI-0448
468.675000 5286.987500 27.345214
LIDC-IDRI-0450
170.775000 2295.112500 25.787948
LIDC-IDRI-0451
238.200000 1724.212500 27.258882
LIDC-IDRI-0452
112.550000 2014.587500 20.980920
LIDC-IDRI-0453
811.975000 4851.987500 28.481657
LIDC-IDRI-0454
149.475000 1071.125000 23.498055
LIDC-IDRI-0455
255.750000 2044.075000 26.229214
LIDC-IDRI-0456
257.012500 3754.725000 26.347655
LIDC-IDRI-0457
293.150000 2708.487500 28.727683
LIDC-IDRI-0458
423.412500 4603.937500 26.974801
LIDC-IDRI-0459
454.612500 4507.037500 27.671225
LIDC-IDRI-0460
187.225000 2355.837500 24.953196
LIDC-IDRI-0461
361.025000 4591.575000 28.181661
LIDC-IDRI-0462
191.350000 2195.150000 25.696544
LIDC-IDRI-0463
344.475000 4706.925000 25.854731
LIDC-IDRI-0464
264.575000 2606.450000 28.364797
LIDC-IDRI-0465
261.987500 3076.200000 26.717855
LIDC-IDRI-0466
231.412500 2295.912500 27.622221
LIDC-IDRI-0467
167.612500 1410.225000 25.672188
LIDC-IDRI-0468
177.650000 1579.712500 22.943510
LIDC-IDRI-0469
840.850000 5256.762500 29.617956
LIDC-IDRI-0470
114.175000 986.937500 24.029164
LIDC-IDRI-0471
230.587500 2313.512500 27.441263
LIDC-IDRI-0472
232.512500 1881.387500 27.888298
LIDC-IDRI-0473
85.675000 384.937500 24.141877
LIDC-IDRI-0474
308.162500 3275.550000 27.031047
LIDC-IDRI-0476
109.362500 851.950000 24.377185
LIDC-IDRI-0477
276.062500 3214.450000 26.864480
LIDC-IDRI-0478
472.087500 5832.987500 28.988129
LIDC-IDRI-0479
36.900000 60.500000 19.240006
LIDC-IDRI-0480
451.325000 4606.012500 28.263652
LIDC-IDRI-0481
289.912500 3991.512500 24.252643
LIDC-IDRI-0482
280.975000 2290.700000 27.960511
LIDC-IDRI-0483
130.250000 889.737500 24.455451
LIDC-IDRI-0484
275.162500 2703.475000 27.827091
LIDC-IDRI-0485
232.912500 1365.700000 25.638060
LIDC-IDRI-0486
383.737500 4013.800000 27.632503
LIDC-IDRI-0487
797.400000 10706.437500 27.945581
LIDC-IDRI-0488
514.337500 5630.125000 28.498143
LIDC-IDRI-0489
307.762500 2989.300000 26.737363
LIDC-IDRI-0490
182.912500 1990.050000 24.239216
LIDC-IDRI-0491
271.200000 2484.737500 27.456477
LIDC-IDRI-0492
618.837500 6636.062500 28.431999
LIDC-IDRI-0493
411.362500 3433.112500 29.170057
LIDC-IDRI-0494
203.000000 2258.625000 26.375974
LIDC-IDRI-0495
188.637500 1710.887500 26.758888
LIDC-IDRI-0496
244.175000 2572.300000 27.309329
LIDC-IDRI-0497
146.750000 1512.387500 25.969194
LIDC-IDRI-0498
365.737500 5008.575000 26.854743
LIDC-IDRI-0499
496.287500 5084.750000 29.614612
LIDC-IDRI-0500
307.262500 3837.025000 27.599691
LIDC-IDRI-0501
211.537500 3322.625000 25.135646
LIDC-IDRI-0502
187.250000 1150.137500 26.949146
LIDC-IDRI-0503
178.737500 1909.912500 23.559044
LIDC-IDRI-0505
170.325000 1857.150000 22.629896
LIDC-IDRI-0506
262.912500 2422.762500 27.459959
LIDC-IDRI-0507
241.162500 1867.950000 27.097883
LIDC-IDRI-0508
178.612500 1397.562500 25.578316
LIDC-IDRI-0509
328.737500 2604.425000 28.874238
LIDC-IDRI-0510
288.250000 2349.862500 27.230048
LIDC-IDRI-0511
242.487500 2154.300000 27.314942
LIDC-IDRI-0512
187.425000 2277.200000 25.971755
LIDC-IDRI-0513
647.637500 8198.275000 27.537710
LIDC-IDRI-0514
310.475000 3018.875000 28.062253
LIDC-IDRI-0516
256.125000 1902.750000 28.068899
LIDC-IDRI-0517
158.912500 1102.712500 26.258116
LIDC-IDRI-0519
146.487500 1507.475000 24.716516
LIDC-IDRI-0520
351.737500 4205.425000 28.115084
LIDC-IDRI-0521
342.100000 3399.912500 27.487831
LIDC-IDRI-0522
239.362500 2374.487500 25.816263
LIDC-IDRI-0524
816.387500 10087.250000 28.268236
LIDC-IDRI-0525
335.162500 5747.925000 26.318653
LIDC-IDRI-0527
273.812500 2559.600000 27.739225
LIDC-IDRI-0528
200.650000 1429.100000 26.908615
LIDC-IDRI-0529
273.500000 3069.250000 28.265039
LIDC-IDRI-0530
344.462500 4232.962500 28.727239
LIDC-IDRI-0531
214.225000 2451.662500 25.767533
LIDC-IDRI-0532
307.550000 4000.075000 26.567597
LIDC-IDRI-0533
604.387500 3405.187500 30.405638
LIDC-IDRI-0534
414.000000 3971.600000 30.211764
LIDC-IDRI-0535
90.687500 714.625000 21.840355
LIDC-IDRI-0536
230.450000 2569.587500 25.259646
LIDC-IDRI-0537
209.225000 2502.025000 24.400080
LIDC-IDRI-0538
538.350000 6315.050000 28.740699
LIDC-IDRI-0539
334.287500 3241.112500 28.596170
LIDC-IDRI-0540
331.275000 4168.600000 26.818109
LIDC-IDRI-0542
780.900000 7607.800000 29.904402
LIDC-IDRI-0543
332.125000 2214.675000 27.421848
LIDC-IDRI-0544
221.612500 2322.162500 27.315212
LIDC-IDRI-0545
165.450000 1967.637500 25.449355
LIDC-IDRI-0546
218.750000 2608.700000 25.662908
LIDC-IDRI-0547
292.625000 2894.500000 27.747685
LIDC-IDRI-0548
136.862500 1288.012500 23.697168
LIDC-IDRI-0549
314.575000 3217.262500 28.400590
LIDC-IDRI-0551
284.112500 3937.812500 24.792704
LIDC-IDRI-0552
247.050000 2528.837500 27.210389
LIDC-IDRI-0553
305.412500 3705.275000 26.524406
LIDC-IDRI-0554
425.700000 5286.900000 28.120523
LIDC-IDRI-0555
230.337500 2294.412500 26.793106
LIDC-IDRI-0556
218.925000 1359.900000 27.105670
LIDC-IDRI-0557
438.362500 5751.962500 28.659351
LIDC-IDRI-0558
703.287500 6701.587500 28.868258
LIDC-IDRI-0559
380.937500 3171.700000 26.977818
LIDC-IDRI-0560
165.287500 1266.300000 26.070154
LIDC-IDRI-0561
406.450000 4964.037500 28.655114
LIDC-IDRI-0562
341.375000 4248.862500 27.516946
LIDC-IDRI-0563
260.150000 2918.962500 27.354892
LIDC-IDRI-0564
139.062500 1095.337500 24.707014
LIDC-IDRI-0565
126.500000 1621.425000 22.008209
LIDC-IDRI-0566
524.237500 6374.250000 29.109797
LIDC-IDRI-0567
150.925000 1639.662500 22.861808
LIDC-IDRI-0568
165.550000 1916.000000 26.099395
LIDC-IDRI-0569
314.787500 4423.362500 25.907737
LIDC-IDRI-0570
225.237500 2628.900000 26.516913
LIDC-IDRI-0571
265.225000 3147.087500 27.790803
LIDC-IDRI-0572
209.212500 2335.925000 26.011663
LIDC-IDRI-0573
197.800000 1981.650000 27.760252
LIDC-IDRI-0574
253.225000 2155.037500 28.159175
LIDC-IDRI-0575
721.075000 5237.025000 29.264076
LIDC-IDRI-0576
287.887500 4006.750000 23.722085
LIDC-IDRI-0577
483.837500 4354.587500 28.753039
LIDC-IDRI-0578
125.687500 1176.700000 22.201127
LIDC-IDRI-0579
343.012500 4567.312500 25.587258
LIDC-IDRI-0580
403.850000 4199.350000 28.010578
LIDC-IDRI-0581
249.162500 2543.425000 28.018158
LIDC-IDRI-0582
218.300000 3572.350000 23.941836
LIDC-IDRI-0583
161.375000 1620.525000 24.426745
LIDC-IDRI-0584
474.337500 5198.162500 28.154465
LIDC-IDRI-0586
200.037500 1845.300000 28.044015
LIDC-IDRI-0587
366.587500 3852.412500 28.626004
LIDC-IDRI-0588
144.137500 1002.550000 25.084511
LIDC-IDRI-0589
241.575000 2013.712500 26.878076
LIDC-IDRI-0590
185.275000 1594.512500 25.169652
LIDC-IDRI-0591
300.962500 3215.950000 26.588446
LIDC-IDRI-0592
178.362500 1726.450000 26.043985
LIDC-IDRI-0593
469.100000 4334.012500 27.667818
LIDC-IDRI-0594
263.712500 3236.950000 27.640895
LIDC-IDRI-0596
295.762500 3139.787500 27.918224
LIDC-IDRI-0598
598.425000 5005.450000 28.620837
LIDC-IDRI-0599
393.425000 5036.637500 26.949935
LIDC-IDRI-0600
414.450000 1772.150000 27.033613
LIDC-IDRI-0601
84.300000 552.312500 22.776491
LIDC-IDRI-0602
292.287500 2250.725000 28.124223
LIDC-IDRI-0603
167.162500 1742.562500 24.659101
LIDC-IDRI-0604
819.387500 6110.637500 28.333853
LIDC-IDRI-0605
304.887500 3697.375000 27.807025
LIDC-IDRI-0606
404.012500 7009.175000 25.915522
LIDC-IDRI-0607
224.200000 2170.025000 27.905276
LIDC-IDRI-0608
439.012500 3341.175000 27.286539
LIDC-IDRI-0609
388.650000 4457.162500 26.308839
LIDC-IDRI-0610
707.775000 4200.037500 29.940180
LIDC-IDRI-0612
164.037500 1333.000000 26.084109
LIDC-IDRI-0613
458.175000 4655.387500 28.649539
LIDC-IDRI-0614
519.287500 4265.225000 30.208696
LIDC-IDRI-0615
289.850000 3654.912500 25.604084
LIDC-IDRI-0616
157.550000 1455.962500 25.170520
LIDC-IDRI-0617
159.237500 1276.775000 24.593283
LIDC-IDRI-0618
112.600000 858.187500 24.490678
LIDC-IDRI-0619
390.475000 2542.400000 25.621078
LIDC-IDRI-0620
277.825000 3189.925000 26.816963
LIDC-IDRI-0621
688.775000 4968.287500 32.652708
LIDC-IDRI-0622
294.187500 3080.012500 27.883020
LIDC-IDRI-0623
456.787500 5113.412500 28.414744
LIDC-IDRI-0624
228.987500 2515.100000 26.720386
LIDC-IDRI-0625
243.050000 4354.175000 23.613064
LIDC-IDRI-0626
210.100000 2207.237500 27.153088
LIDC-IDRI-0627
165.187500 1706.200000 25.548048
LIDC-IDRI-0628
105.937500 994.050000 23.546578
LIDC-IDRI-0629
429.987500 2840.925000 28.544202
LIDC-IDRI-0630
227.862500 2895.000000 26.112787
LIDC-IDRI-0631
374.562500 5348.875000 25.666431
LIDC-IDRI-0632
156.162500 1337.575000 26.584905
LIDC-IDRI-0633
458.987500 4948.675000 28.971916
LIDC-IDRI-0634
337.950000 4794.925000 27.750845
LIDC-IDRI-0636
388.500000 3923.675000 26.974554
LIDC-IDRI-0637
288.812500 4306.687500 25.898107
LIDC-IDRI-0638
752.637500 6097.712500 28.153819
LIDC-IDRI-0639
242.700000 2430.300000 27.422355
LIDC-IDRI-0640
520.250000 6183.075000 29.778369
LIDC-IDRI-0641
498.900000 3510.125000 28.216604
LIDC-IDRI-0643
382.350000 3451.575000 28.661985
LIDC-IDRI-0644
4.400000 1.987500 4.374318
LIDC-IDRI-0645
256.875000 3191.875000 26.339978
LIDC-IDRI-0646
474.562500 6290.900000 27.257986
LIDC-IDRI-0647
238.450000 3414.000000 23.945930
LIDC-IDRI-0648
155.575000 1794.512500 24.664477
LIDC-IDRI-0649
270.450000 3642.525000 26.474493
LIDC-IDRI-0650
169.787500 2008.475000 25.900901
LIDC-IDRI-0651
430.737500 5423.375000 27.749931
LIDC-IDRI-0652
307.450000 3412.575000 28.852961
LIDC-IDRI-0653
159.662500 1004.375000 26.556599
LIDC-IDRI-0654
188.737500 1939.912500 26.098169
LIDC-IDRI-0655
321.700000 3954.850000 25.684857
LIDC-IDRI-0656
86.650000 881.112500 21.864955
LIDC-IDRI-0657
531.325000 4849.025000 27.088667
LIDC-IDRI-0658
403.075000 5299.050000 27.244647
LIDC-IDRI-0659
220.625000 3303.675000 25.272053
LIDC-IDRI-0660
336.487500 4020.087500 27.530092
LIDC-IDRI-0661
297.625000 2237.775000 26.913850
LIDC-IDRI-0662
164.162500 1226.387500 25.682151
LIDC-IDRI-0663
476.925000 4668.050000 28.630465
LIDC-IDRI-0664
306.150000 3159.975000 25.735901
LIDC-IDRI-0665
232.912500 3095.425000 26.664279
LIDC-IDRI-0666
622.675000 4845.737500 28.744273
LIDC-IDRI-0667
362.800000 3837.087500 28.518174
LIDC-IDRI-0668
217.662500 1372.475000 27.085647
LIDC-IDRI-0669
186.387500 2168.862500 25.482271
LIDC-IDRI-0670
346.775000 3671.312500 27.563207
LIDC-IDRI-0671
202.275000 1931.262500 27.018466
LIDC-IDRI-0672
348.587500 3430.887500 27.898380
LIDC-IDRI-0673
268.787500 2888.975000 27.667262
LIDC-IDRI-0674
342.900000 5579.075000 26.552970
LIDC-IDRI-0675
265.350000 2692.512500 26.158481
LIDC-IDRI-0676
379.837500 4507.037500 27.631889
LIDC-IDRI-0677
325.475000 3302.550000 28.840738
LIDC-IDRI-0678
277.587500 3781.587500 26.940192
LIDC-IDRI-0679
310.800000 3050.587500 27.023054
LIDC-IDRI-0680
125.362500 1070.812500 23.711083
LIDC-IDRI-0681
269.250000 3848.862500 25.905993
LIDC-IDRI-0682
132.037500 1529.937500 23.351704
LIDC-IDRI-0683
310.787500 3617.975000 27.843207
LIDC-IDRI-0684
160.850000 2259.962500 25.034840
LIDC-IDRI-0686
80.550000 464.312500 23.235142
LIDC-IDRI-0687
436.487500 4461.125000 27.991968
LIDC-IDRI-0688
560.862500 5141.300000 30.563838
LIDC-IDRI-0689
216.700000 2203.400000 27.747455
LIDC-IDRI-0690
135.525000 950.025000 26.169235
LIDC-IDRI-0691
500.100000 5007.487500 28.020012
LIDC-IDRI-0692
258.662500 4419.250000 25.192592
LIDC-IDRI-0693
180.712500 1304.250000 26.293161
LIDC-IDRI-0694
185.425000 1701.587500 27.096620
LIDC-IDRI-0695
374.287500 3212.937500 28.223471
LIDC-IDRI-0696
737.637500 4791.100000 28.308955
LIDC-IDRI-0697
402.675000 1695.500000 29.272619
LIDC-IDRI-0698
205.287500 1765.362500 27.323057
LIDC-IDRI-0699
200.887500 2087.975000 26.358340
LIDC-IDRI-0700
268.500000 3480.025000 27.338482
LIDC-IDRI-0701
178.950000 2152.062500 27.000334
LIDC-IDRI-0702
261.425000 3253.762500 25.133370
LIDC-IDRI-0703
310.150000 2008.987500 27.727952
LIDC-IDRI-0704
299.175000 2718.525000 27.807434
LIDC-IDRI-0705
360.512500 4597.212500 28.702929
LIDC-IDRI-0706
583.837500 5983.075000 28.579221
LIDC-IDRI-0708
239.925000 2012.050000 25.965744
LIDC-IDRI-0710
292.237500 3510.612500 26.381331
LIDC-IDRI-0711
173.987500 1349.325000 26.457941
LIDC-IDRI-0712
231.175000 2394.075000 25.408428
LIDC-IDRI-0713
227.325000 1331.575000 26.729782
LIDC-IDRI-0714
409.337500 3294.000000 27.894001
LIDC-IDRI-0715
108.412500 1276.812500 22.719530
LIDC-IDRI-0716
244.075000 2574.037500 27.708393
LIDC-IDRI-0717
479.600000 6425.262500 27.774566
LIDC-IDRI-0718
149.800000 1459.237500 25.935706
LIDC-IDRI-0720
407.500000 2557.287500 26.507833
LIDC-IDRI-0721
153.687500 1149.725000 25.304840
LIDC-IDRI-0722
193.825000 2963.550000 25.725430
LIDC-IDRI-0723
42.525000 263.862500 20.307451
LIDC-IDRI-0725
69.062500 650.700000 20.798293
LIDC-IDRI-0726
386.837500 4803.525000 26.252508
LIDC-IDRI-0727
233.675000 3386.787500 26.858068
LIDC-IDRI-0728
321.925000 3091.837500 27.835371
LIDC-IDRI-0729
166.562500 1572.875000 26.098420
LIDC-IDRI-0730
286.025000 4130.087500 26.325595
LIDC-IDRI-0731
431.550000 4994.500000 27.618586
LIDC-IDRI-0732
682.475000 5497.737500 28.467700
LIDC-IDRI-0733
383.125000 4505.387500 28.455172
LIDC-IDRI-0734
522.037500 6057.925000 29.125082
LIDC-IDRI-0735
455.462500 5486.287500 28.644417
LIDC-IDRI-0736
620.112500 5731.662500 29.010834
LIDC-IDRI-0738
182.900000 1488.550000 26.492660
LIDC-IDRI-0739
269.037500 2343.800000 27.182030
LIDC-IDRI-0740
300.062500 4212.650000 26.562402
LIDC-IDRI-0741
434.950000 3227.687500 28.245887
LIDC-IDRI-0742
140.562500 1562.187500 22.971766
LIDC-IDRI-0743
297.037500 3680.762500 28.082815
LIDC-IDRI-0744
237.750000 2741.725000 26.606495
LIDC-IDRI-0745
629.137500 7605.962500 28.759514
LIDC-IDRI-0746
488.112500 5176.625000 29.112814
LIDC-IDRI-0747
233.387500 2149.662500 27.370556
LIDC-IDRI-0748
369.387500 3125.500000 28.850071
LIDC-IDRI-0749
575.525000 4334.862500 30.392086
LIDC-IDRI-0751
421.425000 4221.637500 26.656149
LIDC-IDRI-0752
169.300000 1049.937500 26.871759
LIDC-IDRI-0753
280.550000 3301.837500 27.585880
LIDC-IDRI-0754
268.900000 3862.225000 26.312867
LIDC-IDRI-0755
214.075000 2157.462500 26.234761
LIDC-IDRI-0756
374.025000 4116.300000 27.427648
LIDC-IDRI-0757
275.300000 3395.350000 25.534454
LIDC-IDRI-0758
212.187500 2679.087500 26.066839
LIDC-IDRI-0759
215.150000 1915.450000 27.283412
LIDC-IDRI-0760
196.712500 1260.450000 25.860577
LIDC-IDRI-0761
440.712500 5619.637500 25.960412
LIDC-IDRI-0762
194.800000 1586.537500 26.876494
LIDC-IDRI-0763
469.350000 4433.937500 27.464018
LIDC-IDRI-0764
189.937500 1491.075000 26.846526
LIDC-IDRI-0765
317.725000 2990.675000 27.997895
LIDC-IDRI-0766
178.937500 1107.850000 24.887305
LIDC-IDRI-0767
286.575000 4264.012500 26.394352
LIDC-IDRI-0768
167.575000 1699.687500 24.733272
LIDC-IDRI-0769
332.025000 4165.012500 28.634781
LIDC-IDRI-0770
165.737500 1764.562500 24.290807
LIDC-IDRI-0771
339.225000 2770.637500 27.024442
LIDC-IDRI-0772
198.237500 1598.575000 25.544405
LIDC-IDRI-0774
194.500000 2375.637500 25.898499
LIDC-IDRI-0775
116.450000 2071.100000 22.012445
LIDC-IDRI-0776
342.750000 3483.537500 27.495041
LIDC-IDRI-0777
296.737500 3766.112500 26.374885
LIDC-IDRI-0778
317.875000 3165.850000 27.124620
LIDC-IDRI-0779
282.387500 3143.875000 26.485113
LIDC-IDRI-0780
542.562500 5853.162500 28.791645
LIDC-IDRI-0781
535.412500 6768.562500 27.491060
LIDC-IDRI-0782
298.012500 3790.962500 27.292797
LIDC-IDRI-0783
78.400000 591.725000 22.260116
LIDC-IDRI-0784
376.500000 4074.362500 27.461038
LIDC-IDRI-0785
355.600000 2962.175000 28.490884
LIDC-IDRI-0786
164.525000 1283.775000 26.734305
LIDC-IDRI-0787
338.512500 3944.662500 28.676171
LIDC-IDRI-0788
450.137500 5238.062500 27.241435
LIDC-IDRI-0789
229.837500 3480.037500 24.856146
LIDC-IDRI-0790
186.900000 1243.112500 27.715034
LIDC-IDRI-0791
316.387500 3680.037500 27.035986
LIDC-IDRI-0792
162.025000 1844.025000 24.905865
LIDC-IDRI-0793
72.537500 556.125000 21.336482
LIDC-IDRI-0794
388.137500 3424.412500 27.308311
LIDC-IDRI-0795
408.262500 3984.125000 28.442043
LIDC-IDRI-0796
104.237500 1009.725000 24.831171
LIDC-IDRI-0797
146.887500 1336.800000 26.573893
LIDC-IDRI-0799
208.312500 2808.700000 25.624362
LIDC-IDRI-0800
229.925000 2192.237500 27.219337
LIDC-IDRI-0801
1171.987500 8187.237500 29.491372
LIDC-IDRI-0802
176.862500 1979.062500 25.274628
LIDC-IDRI-0803
225.362500 3073.137500 26.099427
LIDC-IDRI-0804
224.887500 1984.712500 27.874157
LIDC-IDRI-0805
264.650000 2550.775000 28.059621
LIDC-IDRI-0806
580.887500 5776.525000 29.368722
LIDC-IDRI-0807
332.825000 4617.400000 26.677292
LIDC-IDRI-0808
491.125000 7016.062500 24.927365
LIDC-IDRI-0809
187.487500 2177.187500 24.032643
LIDC-IDRI-0810
246.675000 3958.725000 26.722343
LIDC-IDRI-0811
494.787500 5033.650000 28.019875
LIDC-IDRI-0812
552.400000 5340.900000 28.616582
LIDC-IDRI-0813
703.350000 5450.100000 28.828856
LIDC-IDRI-0814
387.800000 2738.925000 27.129455
LIDC-IDRI-0815
38.262500 137.212500 14.349562
LIDC-IDRI-0816
189.512500 2209.750000 25.703980
LIDC-IDRI-0817
241.975000 2634.550000 27.047606
LIDC-IDRI-0819
528.912500 4401.525000 28.618299
LIDC-IDRI-0820
137.325000 779.075000 26.236979
LIDC-IDRI-0821
522.187500 6128.737500 28.592451
LIDC-IDRI-0822
230.537500 2588.825000 26.970628
LIDC-IDRI-0823
275.887500 3167.037500 28.039737
LIDC-IDRI-0824
371.750000 4558.337500 26.747809
LIDC-IDRI-0825
194.062500 3959.537500 23.623763
LIDC-IDRI-0826
272.000000 3980.662500 25.787157
LIDC-IDRI-0827
311.562500 3693.000000 26.210381
LIDC-IDRI-0828
204.950000 1699.287500 27.889416
LIDC-IDRI-0829
295.237500 2581.662500 28.375808
LIDC-IDRI-0830
580.400000 4762.100000 27.504178
LIDC-IDRI-0831
255.412500 3548.237500 26.032980
LIDC-IDRI-0832
179.487500 1858.387500 25.301028
LIDC-IDRI-0833
152.150000 1512.912500 25.515425
LIDC-IDRI-0834
176.637500 1322.112500 25.538342
LIDC-IDRI-0835
754.362500 6893.812500 28.780049
LIDC-IDRI-0836
286.037500 3375.625000 26.885714
LIDC-IDRI-0837
716.512500 5805.887500 28.740077
LIDC-IDRI-0838
1324.737500 9651.862500 28.994795
LIDC-IDRI-0839
245.512500 1408.950000 27.271813
LIDC-IDRI-0840
405.800000 4447.350000 28.304401
LIDC-IDRI-0841
235.450000 2032.637500 27.151220
LIDC-IDRI-0842
73.975000 355.825000 20.512559
LIDC-IDRI-0843
113.525000 1119.175000 22.165845
LIDC-IDRI-0844
247.225000 3416.962500 24.578351
LIDC-IDRI-0845
358.775000 5574.100000 26.455855
LIDC-IDRI-0846
195.375000 1685.750000 26.097038
LIDC-IDRI-0847
284.950000 2622.037500 27.744188
LIDC-IDRI-0848
147.175000 1639.925000 24.058089
LIDC-IDRI-0849
280.712500 3378.237500 27.261393
LIDC-IDRI-0850
223.200000 2086.562500 26.506540
LIDC-IDRI-0851
236.487500 2230.287500 27.136041
LIDC-IDRI-0852
849.050000 5691.775000 29.243597
LIDC-IDRI-0853
272.737500 2852.062500 28.329804
LIDC-IDRI-0854
261.175000 2685.700000 26.402375
LIDC-IDRI-0855
196.450000 1740.525000 26.765098
LIDC-IDRI-0856
293.587500 3755.850000 26.959387
LIDC-IDRI-0857
688.337500 5563.450000 28.475223
LIDC-IDRI-0858
473.650000 3216.800000 27.938961
LIDC-IDRI-0859
574.637500 6185.175000 26.339255
LIDC-IDRI-0860
443.212500 4401.162500 28.238657
LIDC-IDRI-0861
445.887500 5056.100000 27.770789
LIDC-IDRI-0862
336.362500 2866.612500 28.279757
LIDC-IDRI-0863
305.575000 3892.225000 25.025598
LIDC-IDRI-0864
284.587500 3507.037500 27.461342
LIDC-IDRI-0865
212.037500 1880.887500 25.914097
LIDC-IDRI-0866
97.125000 908.637500 23.946653
LIDC-IDRI-0867
264.862500 2448.612500 26.907634
LIDC-IDRI-0868
176.625000 1681.900000 24.901732
LIDC-IDRI-0869
150.287500 1626.562500 24.115964
LIDC-IDRI-0870
96.050000 999.812500 21.695378
LIDC-IDRI-0871
329.350000 3780.025000 28.621721
LIDC-IDRI-0873
589.875000 5430.062500 29.743441
LIDC-IDRI-0874
298.100000 2987.950000 27.940912
LIDC-IDRI-0875
143.187500 850.150000 26.253287
LIDC-IDRI-0876
353.950000 2642.900000 28.617446
LIDC-IDRI-0877
205.650000 1749.425000 27.303174
LIDC-IDRI-0878
178.662500 1796.437500 23.869066
LIDC-IDRI-0879
248.950000 3573.050000 25.985980
LIDC-IDRI-0880
228.325000 3492.462500 25.935526
LIDC-IDRI-0881
156.675000 1908.050000 23.999966
LIDC-IDRI-0882
268.637500 2263.600000 25.079490
LIDC-IDRI-0883
655.837500 5634.475000 25.116754
LIDC-IDRI-0884
223.200000 2001.825000 27.887192
LIDC-IDRI-0885
312.175000 3511.950000 26.695976
LIDC-IDRI-0886
278.037500 2289.537500 28.544403
LIDC-IDRI-0887
369.050000 3791.812500 27.120551
LIDC-IDRI-0888
279.025000 2090.950000 27.002306
LIDC-IDRI-0889
401.312500 4776.250000 28.517522
LIDC-IDRI-0890
247.525000 2903.750000 25.375268
LIDC-IDRI-0891
216.987500 2180.175000 26.490458
LIDC-IDRI-0893
224.137500 2207.600000 24.699987
LIDC-IDRI-0894
207.937500 2857.625000 26.380379
LIDC-IDRI-0895
283.987500 4156.200000 27.106000
LIDC-IDRI-0896
1037.937500 6175.512500 28.909586
LIDC-IDRI-0897
518.787500 4049.400000 29.677578
LIDC-IDRI-0898
375.225000 3460.000000 27.482934
LIDC-IDRI-0899
299.937500 3642.725000 26.525348
LIDC-IDRI-0900
576.512500 6830.725000 27.666143
LIDC-IDRI-0902
392.775000 5065.575000 27.016938
LIDC-IDRI-0903
528.537500 3795.737500 28.273247
LIDC-IDRI-0905
485.500000 4886.950000 29.227342
LIDC-IDRI-0906
470.225000 4773.825000 27.434662
LIDC-IDRI-0907
268.925000 2763.650000 27.471266
LIDC-IDRI-0908
266.337500 3955.412500 26.693192
LIDC-IDRI-0909
282.175000 3231.625000 27.643294
LIDC-IDRI-0911
374.762500 4484.612500 26.043337
LIDC-IDRI-0912
175.387500 1410.087500 24.961174
LIDC-IDRI-0913
529.812500 5904.212500 27.472412
LIDC-IDRI-0914
220.250000 3829.362500 26.517067
LIDC-IDRI-0915
279.637500 2575.425000 29.315613
LIDC-IDRI-0916
252.425000 2680.575000 27.039441
LIDC-IDRI-0917
200.312500 2214.787500 26.230645
LIDC-IDRI-0918
149.450000 1052.887500 26.702348
LIDC-IDRI-0919
300.875000 3141.825000 28.095313
LIDC-IDRI-0920
368.450000 4189.312500 27.718908
LIDC-IDRI-0921
170.287500 1296.525000 25.764859
LIDC-IDRI-0922
447.212500 4672.837500 26.260348
LIDC-IDRI-0923
319.275000 4594.037500 27.015886
LIDC-IDRI-0924
333.700000 3750.500000 28.658809
LIDC-IDRI-0925
255.900000 3445.700000 25.103271
LIDC-IDRI-0927
291.375000 2659.600000 24.939026
LIDC-IDRI-0928
259.750000 3632.587500 26.998994
LIDC-IDRI-0929
262.112500 2723.987500 26.236665
LIDC-IDRI-0930
170.975000 1761.325000 26.020230
LIDC-IDRI-0931
275.100000 2976.600000 27.579305
LIDC-IDRI-0932
199.237500 3084.350000 24.594294
LIDC-IDRI-0933
292.600000 4184.800000 27.129225
LIDC-IDRI-0934
153.687500 1308.312500 25.317858
LIDC-IDRI-0935
521.162500 5023.350000 29.390557
LIDC-IDRI-0936
206.875000 2339.400000 26.057169
LIDC-IDRI-0937
372.537500 3311.750000 29.456667
LIDC-IDRI-0939
327.650000 3213.200000 26.531979
LIDC-IDRI-0940
456.400000 5221.012500 28.784543
LIDC-IDRI-0941
505.400000 5071.775000 29.065952
LIDC-IDRI-0942
162.037500 1322.325000 23.751795
LIDC-IDRI-0943
141.050000 1843.862500 23.533990
LIDC-IDRI-0944
586.625000 5273.650000 30.484825
LIDC-IDRI-0946
247.487500 1521.750000 27.289704
LIDC-IDRI-0947
277.487500 3524.912500 25.772490
LIDC-IDRI-0948
418.350000 4205.137500 27.727421
LIDC-IDRI-0950
154.862500 1686.050000 25.662981
LIDC-IDRI-0951
171.462500 2509.487500 25.527460
LIDC-IDRI-0952
371.225000 3879.300000 28.023637
LIDC-IDRI-0953
532.725000 6093.212500 28.461839
LIDC-IDRI-0954
108.212500 599.975000 25.162141
LIDC-IDRI-0955
473.400000 5364.412500 28.560849
LIDC-IDRI-0956
258.787500 2414.250000 27.258471
LIDC-IDRI-0957
252.387500 1243.837500 28.338442
LIDC-IDRI-0958
354.762500 3384.100000 26.759887
LIDC-IDRI-0959
210.300000 2020.500000 27.312697
LIDC-IDRI-0960
271.275000 2958.987500 27.160250
LIDC-IDRI-0962
411.312500 2956.187500 28.203745
LIDC-IDRI-0963
472.612500 5330.750000 28.686510
LIDC-IDRI-0964
193.425000 1647.712500 26.599014
LIDC-IDRI-0965
269.075000 2413.850000 25.295383
LIDC-IDRI-0966
141.237500 1137.537500 24.328161
LIDC-IDRI-0967
119.000000 698.125000 23.498728
LIDC-IDRI-0968
152.075000 2290.325000 24.097976
LIDC-IDRI-0969
266.762500 2891.437500 27.080894
LIDC-IDRI-0970
294.212500 2629.400000 27.957395
LIDC-IDRI-0971
267.337500 3295.100000 25.988551
LIDC-IDRI-0973
274.487500 2566.150000 27.464440
LIDC-IDRI-0974
204.450000 1720.237500 26.900107
LIDC-IDRI-0975
269.575000 3105.612500 25.943011
LIDC-IDRI-0976
304.812500 2143.725000 28.084975
LIDC-IDRI-0977
287.512500 2507.625000 28.099592
LIDC-IDRI-0978
240.100000 2462.825000 24.470756
LIDC-IDRI-0979
626.512500 6159.625000 28.518512
LIDC-IDRI-0981
293.775000 4036.787500 26.004199
LIDC-IDRI-0982
528.825000 5334.725000 29.544893
LIDC-IDRI-0984
304.500000 3623.350000 27.932467
LIDC-IDRI-0985
309.200000 3557.162500 27.493217
LIDC-IDRI-0986
117.050000 844.762500 24.509213
LIDC-IDRI-0987
448.325000 5088.062500 28.519428
LIDC-IDRI-0988
145.287500 2008.925000 23.415698
LIDC-IDRI-0989
177.050000 1938.250000 24.830025
LIDC-IDRI-0990
657.087500 4800.762500 29.736474
LIDC-IDRI-0991
213.787500 1777.800000 26.428945
LIDC-IDRI-0992
109.562500 385.562500 24.376756
LIDC-IDRI-0994
410.700000 4547.562500 26.678205
LIDC-IDRI-0995
196.137500 2010.300000 26.247171
LIDC-IDRI-0996
340.737500 2671.937500 28.379931
LIDC-IDRI-0997
443.712500 6674.400000 27.257141
LIDC-IDRI-0998
368.700000 2805.025000 28.337314
LIDC-IDRI-0999
193.037500 2175.237500 25.811609
LIDC-IDRI-1001
321.700000 4332.025000 26.462493
LIDC-IDRI-1002
472.300000 3823.325000 30.239205
LIDC-IDRI-1003
514.137500 7131.425000 28.568240
LIDC-IDRI-1004
309.937500 4234.675000 27.516891
LIDC-IDRI-1005
281.225000 3609.962500 25.382516
LIDC-IDRI-1007
386.700000 4510.400000 28.304263
LIDC-IDRI-1009
103.175000 1156.525000 23.149286
LIDC-IDRI-1010
272.850000 3391.675000 25.351615
LIDC-IDRI-1011
145.462500 876.875000 25.906397
LIDC-IDRI-1012
292.500000 2736.350000 27.980432
